id	num	neg|score	neg|p-value	neg|fdr	neg|rank	neg|goodsgrna	neg|lfc	pos|score	pos|p-value	pos|fdr	pos|rank	pos|goodsgrna	pos|lfc
MYLIP	12	1.0	1.0	1.0	522	0	0.95446	3.8806e-18	4.9535e-06	0.000144	1	12	0.95446
CDH1	12	1.0	1.0	1.0	521	0	0.73238	7.6241e-15	4.9535e-06	0.000144	2	12	0.73238
ONECUT1	12	1.0	1.0	1.0	520	0	0.80706	2.557e-14	4.9535e-06	0.000144	3	12	0.80706
ALG2	12	1.0	1.0	1.0	518	0	0.9109	1.464e-13	4.9535e-06	0.000144	4	12	0.9109
PRDM10	12	1.0	1.0	1.0	514	0	0.76754	4.7009e-12	4.9535e-06	0.000144	5	12	0.76754
IGF2R	12	1.0	1.0	1.0	519	0	0.72257	6.3042e-12	4.9535e-06	0.000144	6	12	0.72257
LSS	12	0.98261	0.99335	1.0	449	1	0.74276	3.0319e-11	4.9535e-06	0.000144	7	11	0.74276
DR1	12	0.99984	0.99998	1.0	501	0	0.56858	1.2196e-10	4.9535e-06	0.000144	8	11	0.56858
EBP	12	0.96069	0.98985	1.0	432	1	0.62393	1.9286e-10	4.9535e-06	0.000144	9	10	0.62393
SQLE	12	1.0	1.0	1.0	516	0	0.67399	5.0628e-10	4.9535e-06	0.000144	10	12	0.67399
VEZF1	12	0.99687	0.99872	1.0	480	0	0.59202	8.9144e-10	4.9535e-06	0.000144	11	11	0.59202
DRAP1	12	1.0	1.0	1.0	517	0	0.64679	1.0137e-08	4.9535e-06	0.000144	12	12	0.64679
ARID1A	12	0.99728	0.99879	1.0	484	0	0.65505	1.1511e-08	4.9535e-06	0.000144	13	10	0.65505
SP5	12	1.0	1.0	1.0	511	0	0.45532	1.8232e-08	4.9535e-06	0.000144	14	12	0.45532
SMAD7	12	0.9994	0.99965	1.0	493	0	0.36942	2.0471e-07	4.9535e-06	0.000144	15	11	0.36942
HNF1A	12	1.0	1.0	1.0	513	0	0.79756	2.9461e-07	4.9535e-06	0.000144	16	12	0.79756
CDKN2A-AS1	12	1.0	1.0	1.0	515	0	0.23594	3.0141e-07	4.9535e-06	0.000144	17	12	0.23594
MTF1	12	0.98372	0.99335	1.0	451	1	0.49679	1.0302e-06	4.9535e-06	0.000144	18	10	0.49679
STK11	12	1.0	1.0	1.0	512	0	0.36182	1.2114e-06	1.486e-05	0.00037	19	12	0.36182
CCT6B	12	0.99999	1.0	1.0	509	0	0.38736	1.245e-06	1.486e-05	0.00037	20	11	0.38736
AGBL2	12	0.99992	0.99999	1.0	502	0	0.3152	2.1076e-06	1.486e-05	0.00037	21	11	0.3152
PDCD10	12	0.99981	0.99997	1.0	500	0	0.6396	2.4472e-06	2.4767e-05	0.000589	22	11	0.6396
FRY	12	1.0	1.0	1.0	510	0	0.36819	3.9117e-06	3.4674e-05	0.000756	23	12	0.36819
TFRC	12	0.99874	0.99929	1.0	489	0	0.34998	4.6546e-06	3.4674e-05	0.000756	24	11	0.34998
WDR82	12	0.90567	0.97789	1.0	411	1	0.35327	4.9027e-06	4.4581e-05	0.000864	25	10	0.35327
STK40	12	0.99955	0.99981	1.0	495	0	0.37954	5.2923e-06	4.4581e-05	0.000864	26	10	0.37954
RBM14	9	0.99992	0.99983	1.0	503	0	0.77327	6.0067e-06	4.4581e-05	0.000864	27	9	0.77327
PIGS	12	0.99955	0.99981	1.0	494	0	0.3135	8.9238e-06	6.4395e-05	0.001161	28	11	0.3135
NR1H3	12	0.99815	0.99918	1.0	488	0	0.55714	9.0874e-06	6.4395e-05	0.001161	29	9	0.55714
SOX12	12	0.99922	0.99957	1.0	492	0	0.59251	1.9067e-05	0.00019319	0.003368	30	11	0.59251
PPP1R10	12	0.99995	1.0	1.0	505	0	0.46589	3.1678e-05	0.00037151	0.006268	31	10	0.46589
SUMO2	12	0.86757	0.97051	1.0	389	1	0.39505	3.6676e-05	0.00040123	0.006558	32	10	0.39505
TEF	12	0.99996	1.0	1.0	506	0	0.35529	4.7543e-05	0.00055974	0.008364	33	9	0.35529
WDHD1	12	0.97259	0.99194	1.0	438	1	0.41825	4.7837e-05	0.00055974	0.008364	34	10	0.41825
DDX28	12	0.99963	0.99984	1.0	498	0	0.24075	5.1554e-05	0.00055974	0.008364	35	11	0.24075
KAT7	12	0.95941	0.98951	1.0	430	1	0.64378	5.6446e-05	0.00060928	0.008851	36	10	0.64378
STRAP	12	0.61475	0.90077	1.0	296	2	0.44618	6.3858e-05	0.00068853	0.009733	37	9	0.44618
MRPL33	12	0.99997	1.0	1.0	508	0	0.38028	8.3008e-05	0.0010452	0.014385	38	11	0.38028
MRPL11	12	0.99233	0.99681	1.0	468	0	0.38517	0.00018936	0.0017288	0.023183	39	8	0.38517
ZC3H4	12	0.60399	0.89704	1.0	292	2	0.44998	0.00022583	0.0022142	0.028245	40	9	0.44998
RC3H1	12	0.91297	0.98045	1.0	412	1	0.35807	0.0002292	0.0022142	0.028245	41	10	0.35807
HNRNPU	12	0.99584	0.99842	1.0	476	0	0.72219	0.00033047	0.0025808	0.032137	42	10	0.72219
C9orf163	12	0.99994	1.0	1.0	504	0	0.23655	0.00065709	0.0050575	0.061513	43	10	0.23655
ZC3H18	12	0.99975	0.99991	1.0	499	0	0.59844	0.00074318	0.006385	0.075245	44	9	0.59844
CHD7	12	0.89208	0.97486	1.0	403	1	0.31436	0.00076333	0.0064742	0.075245	45	10	0.31436
SMARCC1	12	0.98839	0.99582	1.0	460	1	0.3959	0.00082047	0.0070686	0.080367	46	10	0.3959
UQCC1	12	0.99537	0.99773	1.0	474	0	0.26079	0.0013583	0.012062	0.131423	47	9	0.26079
CCDC22	12	0.99962	0.99984	1.0	496	0	0.32628	0.0015683	0.014112	0.147617	48	9	0.32628
KAT8	9	0.9958	0.99643	1.0	475	0	0.42186	0.0020948	0.010447	0.11625	49	7	0.42186
LRPPRC	12	0.99807	0.99918	1.0	487	0	0.3734	0.002104	0.017491	0.179366	50	9	0.3734
ZNF236	9	0.83527	0.94905	1.0	382	1	0.29859	0.0026971	0.014023	0.147617	51	7	0.29859
GPAA1	12	0.9804	0.99334	1.0	446	1	0.39608	0.0027334	0.018382	0.184884	52	8	0.39608
ETV4	12	0.99962	0.99984	1.0	497	0	0.24273	0.0030349	0.019571	0.193127	53	9	0.24273
FADS2	12	0.95219	0.98834	1.0	428	1	0.31422	0.0031161	0.020215	0.195788	54	9	0.31422
SPI1	12	0.48383	0.85244	1.0	251	3	0.37832	0.0033319	0.022048	0.205343	55	7	0.37832
SNAI3-AS1	12	0.68817	0.923	1.0	323	2	0.23833	0.0035373	0.022315	0.205343	56	9	0.23833
ST3GAL4	12	0.99097	0.99635	1.0	466	0	0.23752	0.0037105	0.022662	0.205343	57	9	0.23752
TIPARP	12	0.89765	0.97578	1.0	404	2	0.31988	0.0039192	0.023742	0.205343	58	9	0.31988
RFX7	12	0.87932	0.9726	1.0	395	1	0.3246	0.0039334	0.023742	0.205343	59	9	0.3246
UBA2	12	0.88542	0.97455	1.0	398	2	0.46771	0.004	0.023752	0.205343	60	7	0.46771
TEN1	12	0.98417	0.99397	1.0	452	1	0.20484	0.0042735	0.024921	0.210221	61	9	0.20484
EIF4A1	9	0.99896	0.99896	1.0	490	0	0.48094	0.0045191	0.02395	0.205343	62	7	0.48094
CCDC43	12	0.81421	0.96396	1.0	376	1	0.3954	0.0045405	0.025961	0.215519	63	9	0.3954
EML2	12	0.99271	0.99696	1.0	469	0	0.28049	0.0062929	0.035878	0.293191	64	9	0.28049
POMGNT2	12	0.98945	0.99615	1.0	463	1	0.2275	0.0067141	0.038949	0.313392	65	8	0.2275
WRAP53	12	0.80133	0.9614	1.0	371	1	0.25357	0.0074231	0.042645	0.337926	66	8	0.25357
SMARCA4	12	0.90491	0.97723	1.0	410	2	0.29901	0.0086039	0.048183	0.376112	67	8	0.29901
CERS6	12	0.96174	0.98986	1.0	434	1	0.25696	0.0098627	0.061715	0.463804	68	8	0.25696
PEX6	12	0.99793	0.99907	1.0	486	0	0.24881	0.0099033	0.062647	0.463804	69	8	0.24881
SRCAP	12	0.90227	0.97579	1.0	405	2	0.3026	0.011119	0.068799	0.499748	70	8	0.3026
RNF113A	12	0.35232	0.77491	1.0	210	4	0.22138	0.011331	0.071791	0.507387	71	6	0.22138
RXRB	12	0.70954	0.92489	1.0	337	1	0.2387	0.011438	0.071791	0.507387	72	8	0.2387
RPS9	9	0.62107	0.87444	1.0	298	1	0.24124	0.01179	0.056504	0.434585	73	7	0.24124
NDUFS3	9	0.92936	0.96923	1.0	420	1	0.32951	0.013206	0.062964	0.463804	74	6	0.32951
PBRM1	12	0.99996	1.0	1.0	507	0	0.29491	0.013572	0.076982	0.529759	75	8	0.29491
DNLZ	12	0.92429	0.98319	1.0	418	2	0.27117	0.014694	0.078904	0.535933	76	8	0.27117
LOC100506990	9	0.99748	0.99743	1.0	485	0	0.4618	0.015173	0.07615	0.529759	77	5	0.4618
DMTF1	12	0.97582	0.9925	1.0	440	1	0.24791	0.015354	0.084383	0.558634	78	8	0.24791
NFYC	12	0.90282	0.97579	1.0	407	2	0.1514	0.015385	0.084383	0.558634	79	6	0.1514
ZNF512B	12	0.72051	0.93174	1.0	338	2	0.16689	0.018507	0.094082	0.600131	80	8	0.16689
FAM65A	12	0.84671	0.96763	1.0	384	1	0.25654	0.018591	0.094082	0.600131	81	8	0.25654
SIX4	12	0.99527	0.99772	1.0	473	0	0.1619	0.018674	0.095241	0.600131	82	8	0.1619
IRF9	12	0.67166	0.91894	1.0	312	2	0.2506	0.018888	0.095241	0.600131	83	8	0.2506
MCM3	12	0.78258	0.95841	1.0	365	1	0.26001	0.019471	0.097995	0.606919	84	8	0.26001
GRB2	12	0.8702	0.97166	1.0	393	2	-0.050358	0.019576	0.098639	0.606919	85	5	-0.050358
IREB2	12	0.58451	0.89392	1.0	287	1	0.21565	0.02161	0.1031	0.626973	86	8	0.21565
ZNF281	12	0.93139	0.98562	1.0	422	1	0.1517	0.022136	0.10552	0.627149	87	6	0.1517
HTRA1	12	0.63156	0.90895	1.0	302	2	0.191	0.022149	0.10552	0.627149	88	8	0.191
TGIF1	12	0.36878	0.7924	1.0	215	2	0.20193	0.02434	0.11637	0.668878	89	8	0.20193
ZFP36L2	12	0.42778	0.8258	1.0	234	1	0.17528	0.024616	0.11638	0.668878	90	8	0.17528
SIX5	12	0.98804	0.99581	1.0	459	1	0.22271	0.02465	0.11638	0.668878	91	7	0.22271
BARX1	12	0.95961	0.98985	1.0	431	1	0.20603	0.026615	0.12905	0.733639	92	7	0.20603
EMP3	12	0.53387	0.87562	1.0	268	3	0.22747	0.028018	0.13095	0.736392	93	7	0.22747
GPS2	12	0.72454	0.9342	1.0	340	3	0.17223	0.029146	0.13408	0.742705	94	8	0.17223
PHF20	12	0.99703	0.99875	1.0	482	0	0.16224	0.029464	0.13491	0.742705	95	8	0.16224
LSM12	12	0.88759	0.97485	1.0	400	1	0.27819	0.030776	0.14031	0.755393	96	7	0.27819
VPS29	12	0.99615	0.99842	1.0	477	0	0.19852	0.030845	0.14155	0.755393	97	8	0.19852
PAX9	12	0.99645	0.99843	1.0	479	0	0.2339	0.030987	0.14155	0.755393	98	7	0.2339
POLE3	12	0.92394	0.98319	1.0	417	1	0.21475	0.034879	0.15454	0.798359	99	7	0.21475
APOE	12	0.9897	0.99616	1.0	464	0	0.14705	0.035487	0.1557	0.798359	100	6	0.14705
TSPYL4	12	0.90348	0.97624	1.0	408	2	0.13376	0.035554	0.1557	0.798359	101	5	0.13376
IRF2BP2	12	0.99618	0.99842	1.0	478	0	0.19289	0.0389	0.19212	0.962205	102	7	0.19289
CCDC115	12	0.28838	0.7433	1.0	183	5	0.12158	0.039375	0.19518	0.962205	103	5	0.12158
FAM134C	12	0.98764	0.99581	1.0	458	1	0.040171	0.039385	0.19518	0.962205	104	3	0.040171
MLLT1	12	0.8543	0.96881	1.0	386	1	0.17634	0.039801	0.19686	0.962205	105	7	0.17634
CDIPT	12	0.69806	0.92427	1.0	333	3	0.19096	0.040446	0.19955	0.966345	106	7	0.19096
ATP13A1	12	0.68759	0.92299	1.0	322	3	0.053302	0.041864	0.20307	0.974355	107	5	0.053302
HIST1H2BI	12	0.58308	0.89392	1.0	286	2	0.2129	0.045672	0.21219	0.99091	108	7	0.2129
COPS3	12	0.69337	0.923	1.0	326	2	0.16958	0.04695	0.21219	0.99091	109	6	0.16958
ZNF219	12	0.80304	0.96208	1.0	372	2	0.24139	0.047941	0.2122	0.99091	110	7	0.24139
SURF1	12	0.30831	0.74922	1.0	196	4	0.077129	0.049597	0.21644	1.0	111	6	0.077129
NRBP1	12	0.38662	0.80075	1.0	224	2	0.21398	0.050232	0.22093	1.0	112	6	0.21398
GAGE12B	6	0.59403	0.81429	1.0	290	1	0.26985	0.056919	0.15226	0.798359	113	4	0.26985
OTX1	12	0.98883	0.99582	1.0	462	1	0.15238	0.057261	0.23083	1.0	114	7	0.15238
FAM110D	12	0.69595	0.923	1.0	330	3	0.17112	0.058246	0.23362	1.0	115	6	0.17112
MGAT1	12	0.90267	0.97579	1.0	406	2	0.1692	0.058816	0.23363	1.0	116	6	0.1692
TAF8	12	0.98623	0.99498	1.0	456	1	0.20098	0.063098	0.24108	1.0	117	7	0.20098
FRYL	12	0.70496	0.92428	1.0	336	3	0.20225	0.064348	0.24109	1.0	118	7	0.20225
ZBTB17	12	0.964	0.99042	1.0	435	1	0.19245	0.064932	0.2442	1.0	119	7	0.19245
RAP1GAP	12	0.78857	0.95892	1.0	367	2	0.15802	0.066009	0.24656	1.0	120	6	0.15802
FLAD1	12	0.99112	0.9966	1.0	467	0	0.18259	0.070215	0.25737	1.0	121	7	0.18259
WFDC1	12	0.79721	0.96139	1.0	370	2	0.07783	0.070295	0.25737	1.0	122	5	0.07783
TADA2A	12	0.99026	0.99634	1.0	465	0	0.24462	0.07153	0.25819	1.0	123	7	0.24462
RTEL1	9	0.98478	0.99201	1.0	453	0	0.26363	0.072419	0.22125	1.0	124	5	0.26363
B3GNT2	12	0.99461	0.99741	1.0	472	0	0.11082	0.072493	0.2582	1.0	125	6	0.11082
TMEM50A	12	0.68137	0.92299	1.0	317	3	0.20898	0.073283	0.2606	1.0	126	7	0.20898
LOC102723582	3	0.92995	0.93007	1.0	421	0	0.38959	0.075651	0.16918	0.859022	127	2	0.38959
RAB20	12	0.88429	0.97454	1.0	397	2	0.14543	0.077136	0.27127	1.0	128	7	0.14543
PSMD12	12	0.74196	0.94523	1.0	351	3	0.23122	0.078187	0.28141	1.0	129	7	0.23122
LIN52	12	0.51771	0.87122	1.0	260	2	0.080718	0.078476	0.28141	1.0	130	5	0.080718
RRBP1	12	0.7755	0.95626	1.0	362	1	0.19996	0.078805	0.28142	1.0	131	7	0.19996
CCDC93	9	0.99717	0.99742	1.0	483	0	0.22076	0.081447	0.23987	1.0	132	5	0.22076
ZNF484	12	0.2244	0.67331	1.0	158	4	-0.023035	0.084157	0.29363	1.0	133	4	-0.023035
ZBTB2	12	0.1676	0.59174	1.0	141	5	-0.17587	0.088572	0.30343	1.0	134	4	-0.17587
UCKL1-AS1	6	0.92363	0.94367	1.0	416	0	0.17022	0.096331	0.27278	1.0	135	3	0.17022
GAGE1	12	0.99451	0.99741	1.0	471	0	0.17581	0.098588	0.32144	1.0	136	7	0.17581
ZNF410	12	0.5368	0.87904	1.0	269	3	0.056633	0.098655	0.32144	1.0	137	5	0.056633
GMEB1	12	0.97756	0.99278	1.0	441	1	0.079517	0.10141	0.33257	1.0	138	5	0.079517
SCAMP2	12	0.98867	0.99582	1.0	461	1	0.11582	0.10312	0.33439	1.0	139	6	0.11582
MARVELD3	12	0.56245	0.88774	1.0	281	3	0.14151	0.10545	0.33591	1.0	140	6	0.14151
MDH1	12	0.91599	0.98102	1.0	413	2	0.14182	0.1112	0.34001	1.0	141	6	0.14182
ZMAT5	12	0.5762	0.89081	1.0	285	3	0.070876	0.11653	0.35939	1.0	142	4	0.070876
MLXIPL	12	0.37808	0.79736	1.0	219	3	0.1095	0.11905	0.36894	1.0	143	6	0.1095
PHB2	6	0.87526	0.91641	1.0	394	1	0.41366	0.11954	0.33688	1.0	144	4	0.41366
CREG2	12	0.94883	0.98834	1.0	426	1	0.045103	0.12019	0.3773	1.0	145	5	0.045103
CHP1	12	0.4708	0.84442	1.0	247	3	0.12456	0.12132	0.38219	1.0	146	6	0.12456
CHAF1B	12	0.75118	0.9475	1.0	355	2	0.079556	0.1217	0.38219	1.0	147	4	0.079556
SIX6	12	0.69397	0.923	1.0	327	3	0.17435	0.12386	0.3822	1.0	148	6	0.17435
IQCF1	12	0.46347	0.84301	1.0	243	4	0.066908	0.12905	0.39156	1.0	149	6	0.066908
PET117	12	0.50723	0.86464	1.0	255	3	0.1107	0.12958	0.39156	1.0	150	6	0.1107
CCDC101	12	0.56909	0.88873	1.0	282	1	0.12862	0.13002	0.39561	1.0	151	5	0.12862
DNAH17	12	0.15334	0.57965	1.0	139	4	-0.050171	0.1324	0.39894	1.0	152	5	-0.050171
CTU2	12	0.54802	0.88029	1.0	276	3	0.088037	0.13289	0.39894	1.0	153	6	0.088037
LOC101930085	9	0.68363	0.89804	1.0	320	1	0.092571	0.13341	0.40363	1.0	154	5	0.092571
PARP3	12	0.92178	0.98318	1.0	415	1	0.092572	0.13542	0.40089	1.0	155	4	0.092572
TRIM38	12	0.96501	0.99042	1.0	436	1	0.084499	0.13576	0.40089	1.0	156	6	0.084499
YTHDC1	12	0.81859	0.96397	1.0	378	2	0.17774	0.13816	0.41725	1.0	157	6	0.17774
HHEX	12	0.67369	0.92032	1.0	314	2	0.10574	0.13992	0.43178	1.0	158	5	0.10574
HARBI1	12	0.95446	0.98923	1.0	429	1	0.1241	0.14369	0.43179	1.0	159	6	0.1241
VPS72	12	0.61931	0.90336	1.0	297	1	0.10311	0.14496	0.43179	1.0	160	6	0.10311
DNAJC5G	12	0.77186	0.95625	1.0	360	3	0.11974	0.14646	0.43264	1.0	161	6	0.11974
PHF23	12	0.92897	0.98494	1.0	419	2	0.1518	0.14992	0.43547	1.0	162	6	0.1518
MID1	12	0.54589	0.87905	1.0	274	3	0.10699	0.15107	0.43548	1.0	163	6	0.10699
TAOK1	12	0.32034	0.75999	1.0	201	3	0.025836	0.15131	0.43548	1.0	164	5	0.025836
KDM3B	12	0.88765	0.97485	1.0	401	2	0.018127	0.15162	0.43548	1.0	165	5	0.018127
CTCF	12	0.94217	0.98781	1.0	425	1	0.1321	0.15165	0.43548	1.0	166	6	0.1321
ABCA1	12	0.96127	0.98985	1.0	433	1	0.085485	0.15193	0.43548	1.0	167	6	0.085485
SETD1A	12	0.99699	0.99873	1.0	481	0	0.15186	0.15571	0.44135	1.0	168	6	0.15186
ELOF1	12	0.3058	0.74922	1.0	194	5	-0.00093084	0.15655	0.45491	1.0	169	3	-0.00093084
AKAP9	12	0.11886	0.53505	1.0	123	4	0.10513	0.15688	0.45492	1.0	170	6	0.10513
USP32P2	12	0.73736	0.94144	1.0	348	1	0.20104	0.16073	0.46304	1.0	171	5	0.20104
BCL6	12	0.43046	0.82581	1.0	236	4	0.17717	0.16463	0.46568	1.0	172	6	0.17717
CAMKK2	9	0.98157	0.98928	1.0	447	0	0.083499	0.1658	0.4519	1.0	173	4	0.083499
P4HA2-AS1	12	0.82688	0.96583	1.0	381	2	0.00598	0.16584	0.46569	1.0	174	5	0.00598
ZNF177	12	0.80931	0.96274	1.0	374	2	0.10916	0.17506	0.49622	1.0	175	6	0.10916
ZNF157	12	0.41524	0.81552	1.0	232	2	0.057709	0.17927	0.49623	1.0	176	5	0.057709
FAM20A	12	0.086625	0.48102	1.0	105	5	0.074966	0.1797	0.49725	1.0	177	5	0.074966
ISX-AS1	12	0.60023	0.89704	1.0	291	3	-0.003347	0.1832	0.50025	1.0	178	4	-0.003347
TRPM4	12	0.6808	0.92299	1.0	316	2	0.10108	0.18648	0.50315	1.0	179	6	0.10108
ZNF3	12	0.30373	0.7475	1.0	192	2	0.016805	0.19234	0.50994	1.0	180	5	0.016805
RPS6	6	0.80919	0.88639	1.0	373	1	0.20159	0.19286	0.40631	1.0	181	3	0.20159
FBXL8	12	0.31616	0.75313	1.0	199	4	0.060344	0.20198	0.53233	1.0	182	4	0.060344
GPBP1L1	12	0.21525	0.67202	1.0	155	5	0.029764	0.20806	0.54006	1.0	183	5	0.029764
C16orf62	12	0.98313	0.99335	1.0	450	1	0.1836	0.21251	0.5522	1.0	184	6	0.1836
LOC100270746	12	0.35621	0.77801	1.0	212	4	0.046112	0.21562	0.56252	1.0	185	6	0.046112
C21orf59	12	0.3852	0.80074	1.0	222	2	0.10932	0.21998	0.56851	1.0	186	6	0.10932
CYP2C18	12	0.38264	0.80074	1.0	221	4	0.055102	0.22168	0.5725	1.0	187	5	0.055102
TMEM253	12	0.48074	0.84988	1.0	250	3	0.08111	0.22378	0.58196	1.0	188	5	0.08111
RPUSD4	12	0.98209	0.99335	1.0	448	1	0.16026	0.22385	0.58196	1.0	189	6	0.16026
COPS2	12	0.34261	0.7731	1.0	206	4	0.090254	0.22456	0.58196	1.0	190	6	0.090254
ACTR3	12	0.85104	0.96764	1.0	385	1	0.068443	0.22781	0.58509	1.0	191	5	0.068443
H1F0	12	0.74824	0.94653	1.0	353	3	0.063003	0.22786	0.58509	1.0	192	4	0.063003
ARID4B	12	0.73098	0.93869	1.0	341	3	0.11228	0.23151	0.59068	1.0	193	6	0.11228
MYNN	12	0.013817	0.16498	1.0	67	6	-0.15248	0.23287	0.59069	1.0	194	4	-0.15248
CCNI2	12	0.33782	0.76731	1.0	205	3	0.070013	0.23632	0.59379	1.0	195	4	0.070013
SOD1	12	0.68267	0.92299	1.0	318	3	0.090269	0.23693	0.5938	1.0	196	6	0.090269
A1BG-AS1	12	0.75244	0.94888	1.0	356	3	0.097736	0.2381	0.59698	1.0	197	5	0.097736
AGPAT4	12	0.15912	0.58514	1.0	140	4	-0.0067454	0.24224	0.60014	1.0	198	5	-0.0067454
SMARCA1	12	0.65694	0.9159	1.0	308	2	0.00031322	0.25019	0.60988	1.0	199	5	0.00031322
PGAP3	12	0.93949	0.98722	1.0	423	1	0.039165	0.25091	0.60988	1.0	200	5	0.039165
EWSR1	12	0.039984	0.35415	1.0	84	5	-0.174	0.25263	0.60989	1.0	201	3	-0.174
KIAA0895	12	0.9794	0.99334	1.0	445	1	-0.039949	0.25667	0.61123	1.0	202	5	-0.039949
AP1G1	12	0.41868	0.81553	1.0	233	3	-0.042188	0.26238	0.61575	1.0	203	2	-0.042188
TNFRSF4	12	0.62367	0.90337	1.0	299	2	0.047585	0.27007	0.63327	1.0	204	5	0.047585
TMEM88	12	0.27213	0.72769	1.0	175	5	-0.074338	0.27372	0.63411	1.0	205	2	-0.074338
PSORS1C3	12	0.45702	0.83843	1.0	242	3	0.10719	0.27542	0.63642	1.0	206	4	0.10719
ATP6V1G2	12	0.84502	0.96763	1.0	383	2	0.031038	0.28111	0.6468	1.0	207	3	0.031038
FAM71B	12	0.68953	0.923	1.0	325	2	0.086918	0.28459	0.65125	1.0	208	4	0.086918
MPDU1	12	0.68629	0.92299	1.0	321	2	0.018941	0.28903	0.6539	1.0	209	5	0.018941
TMEM214	12	0.99902	0.99942	1.0	491	0	0.065986	0.29153	0.65807	1.0	210	3	0.065986
ACAT2	12	0.46445	0.84302	1.0	244	4	0.073038	0.2958	0.66328	1.0	211	5	0.073038
CBX2	12	0.38093	0.79908	1.0	220	4	-0.012275	0.30257	0.668	1.0	212	3	-0.012275
CPSF4	12	0.25485	0.71177	1.0	169	4	0.00035231	0.30523	0.67059	1.0	213	4	0.00035231
EXOC7	12	0.46985	0.84441	1.0	246	4	0.049037	0.30674	0.67335	1.0	214	4	0.049037
PLCG1-AS1	12	0.085523	0.47819	1.0	104	4	0.036221	0.31033	0.67592	1.0	215	4	0.036221
AGPAT6	12	0.61306	0.90076	1.0	295	3	0.063742	0.32352	0.67776	1.0	216	5	0.063742
TIGD5	12	0.33431	0.76552	1.0	202	3	0.041894	0.32483	0.67859	1.0	217	5	0.041894
RSRP1	12	0.97109	0.99111	1.0	437	1	0.018119	0.32648	0.6786	1.0	218	4	0.018119
HIST1H3F	12	0.091963	0.48627	1.0	107	6	-0.1164	0.32929	0.68506	1.0	219	2	-0.1164
EGLN2	12	0.58778	0.89393	1.0	289	3	0.017317	0.33203	0.68507	1.0	220	4	0.017317
HGFAC	12	0.52114	0.87349	1.0	262	4	0.012389	0.33263	0.68507	1.0	221	5	0.012389
OR13C2	12	0.39544	0.8042	1.0	228	4	0.016047	0.33746	0.68672	1.0	222	3	0.016047
RALGAPB	12	0.29065	0.74509	1.0	184	4	0.02238	0.34454	0.68778	1.0	223	4	0.02238
POC5	12	0.087449	0.48102	1.0	106	6	-0.14813	0.34504	0.68778	1.0	224	3	-0.14813
ARPC4	12	0.21083	0.66893	1.0	154	4	-0.047367	0.34917	0.68779	1.0	225	4	-0.047367
ZIM2	12	0.69756	0.923	1.0	332	2	-0.063197	0.34993	0.68779	1.0	226	5	-0.063197
ZFPM1	12	0.092237	0.48799	1.0	108	6	-0.12082	0.35001	0.68779	1.0	227	3	-0.12082
CUL7	12	0.35395	0.77491	1.0	211	3	0.026571	0.35171	0.68779	1.0	228	5	0.026571
EPHA2	12	0.21903	0.6733	1.0	157	5	-0.011092	0.35282	0.69216	1.0	229	5	-0.011092
HERPUD2	12	0.1048	0.49778	1.0	115	5	-0.083111	0.35297	0.69216	1.0	230	4	-0.083111
ZFP36L1	12	0.27792	0.7317	1.0	180	5	0.097746	0.35572	0.69323	1.0	231	5	0.097746
LAS1L	9	0.38921	0.74506	1.0	226	3	0.041947	0.35655	0.66733	1.0	232	4	0.041947
STX4	12	0.43369	0.83028	1.0	239	3	-0.058024	0.35747	0.6993	1.0	233	3	-0.058024
SLC29A2	12	0.4805	0.84988	1.0	249	3	0.031685	0.35929	0.70026	1.0	234	5	0.031685
WWP1	12	0.34608	0.77311	1.0	209	3	0.044596	0.36992	0.70758	1.0	235	4	0.044596
RFX1	12	0.28273	0.73475	1.0	182	4	-0.051181	0.37379	0.71333	1.0	236	2	-0.051181
SLC35F5	12	0.15322	0.57965	1.0	138	5	-0.0070038	0.3863	0.72835	1.0	237	5	-0.0070038
ZNF830	12	0.01204	0.15817	1.0	64	7	-0.37265	0.38804	0.73036	1.0	238	4	-0.37265
CHD2	12	0.391	0.80256	1.0	227	4	-0.025038	0.39265	0.73262	1.0	239	5	-0.025038
TCP10	12	0.51608	0.87122	1.0	257	4	0.030722	0.39726	0.74441	1.0	240	3	0.030722
NFYA	12	0.98527	0.99448	1.0	454	1	0.023668	0.39938	0.7473	1.0	241	4	0.023668
AXIN1	12	0.76006	0.9541	1.0	357	3	0.098943	0.39987	0.7473	1.0	242	5	0.098943
CARM1	12	0.317	0.75314	1.0	200	5	-0.014091	0.40184	0.7473	1.0	243	4	-0.014091
MROH2A	12	0.27469	0.73169	1.0	176	3	-0.017698	0.40572	0.74838	1.0	244	4	-0.017698
RALGAPA2	12	0.11857	0.53504	1.0	122	4	0.036064	0.41524	0.75405	1.0	245	4	0.036064
EPB41	12	0.23635	0.68815	1.0	162	5	0.023308	0.41911	0.75564	1.0	246	4	0.023308
BAG6	12	0.86778	0.97051	1.0	390	2	-0.015112	0.41956	0.75564	1.0	247	5	-0.015112
BCAT2	12	0.69528	0.923	1.0	329	2	0.064436	0.41974	0.75669	1.0	248	3	0.064436
RBM22	12	0.52473	0.8735	1.0	264	4	-0.10064	0.42268	0.75865	1.0	249	4	-0.10064
PKLR	12	0.54172	0.87905	1.0	272	4	0.087526	0.42306	0.75865	1.0	250	4	0.087526
LOC100996351	9	0.43028	0.76753	1.0	235	2	0.15298	0.42538	0.70681	1.0	251	3	0.15298
OLR1	12	0.73248	0.93976	1.0	343	3	0.01363	0.42735	0.76342	1.0	252	5	0.01363
SPDEF	12	0.9788	0.99334	1.0	443	1	-0.062213	0.43934	0.77102	1.0	253	4	-0.062213
ATG4D	12	0.13762	0.56151	1.0	131	6	-0.12025	0.44009	0.77275	1.0	254	1	-0.12025
FARSA	9	0.88633	0.96074	1.0	399	1	0.056508	0.44201	0.72414	1.0	255	3	0.056508
ZNF146	12	0.73292	0.93977	1.0	344	2	0.0036487	0.44427	0.77379	1.0	256	4	0.0036487
BPTF	12	0.73178	0.93976	1.0	342	2	0.10477	0.44984	0.775	1.0	257	5	0.10477
MBNL1	12	0.98645	0.99499	1.0	457	1	0.032937	0.44997	0.775	1.0	258	4	0.032937
KLHDC3	12	0.73643	0.94144	1.0	347	3	0.012235	0.45166	0.77501	1.0	259	4	0.012235
HAPLN4	12	0.90462	0.97723	1.0	409	2	0.048554	0.45431	0.77501	1.0	260	4	0.048554
PDE1A	12	0.76904	0.95554	1.0	358	3	0.024954	0.45763	0.77679	1.0	261	2	0.024954
UGT1A9	12	0.88053	0.97403	1.0	396	1	0.013361	0.46102	0.77791	1.0	262	3	0.013361
DCPS	12	0.62854	0.9061	1.0	301	1	0.070546	0.46576	0.77967	1.0	263	4	0.070546
CSK	12	0.3157	0.75313	1.0	197	5	-0.032829	0.46805	0.77968	1.0	264	3	-0.032829
LINC01483	12	0.86954	0.97119	1.0	392	2	-0.019733	0.4682	0.77968	1.0	265	1	-0.019733
HIST1H2BC	12	0.43341	0.83028	1.0	238	3	0.033378	0.46845	0.77968	1.0	266	3	0.033378
UBR2	12	0.69721	0.923	1.0	331	3	0.048066	0.47984	0.79331	1.0	267	3	0.048066
LOC105375800	12	0.43675	0.83028	1.0	240	4	0.0096881	0.48316	0.79497	1.0	268	4	0.0096881
PDGFA	12	0.6471	0.91161	1.0	307	1	0.01531	0.48356	0.79497	1.0	269	4	0.01531
DYNLL1	12	0.254	0.71177	1.0	168	5	-0.055325	0.48691	0.79498	1.0	270	3	-0.055325
USF1	12	0.86135	0.96993	1.0	387	2	0.03714	0.48885	0.79615	1.0	271	3	0.03714
TP53	12	0.74711	0.94653	1.0	352	3	0.046197	0.48996	0.79615	1.0	272	3	0.046197
SALL2	12	0.70267	0.92428	1.0	335	3	0.010007	0.49156	0.79616	1.0	273	3	0.010007
EIF3G	9	0.15144	0.51408	1.0	137	4	0.013582	0.4967	0.76618	1.0	274	3	0.013582
HIST1H2BK	12	0.86929	0.97119	1.0	391	2	-0.06883	0.49703	0.79956	1.0	275	4	-0.06883
DEF6	12	0.73488	0.94143	1.0	346	3	0.035341	0.50401	0.79957	1.0	276	3	0.035341
COA6	12	0.5603	0.88773	1.0	280	3	-0.0040861	0.50599	0.80297	1.0	277	3	-0.0040861
PGM1	12	0.13437	0.55415	1.0	130	6	-0.12405	0.50894	0.80563	1.0	278	2	-0.12405
ZNF207	9	0.24485	0.62612	1.0	164	4	-0.1231	0.50936	0.78097	1.0	279	3	-0.1231
ABCG5	12	0.53191	0.87459	1.0	267	4	-0.069221	0.50939	0.80564	1.0	280	4	-0.069221
IRS4	12	0.93977	0.98722	1.0	424	1	-0.026579	0.50992	0.80564	1.0	281	4	-0.026579
MCM5	12	0.19575	0.63986	1.0	150	5	-0.011025	0.51133	0.81128	1.0	282	4	-0.011025
TOP1	12	0.040161	0.35415	1.0	85	6	-0.18846	0.51188	0.8135	1.0	283	2	-0.18846
YJEFN3	12	0.53174	0.87459	1.0	266	3	-0.03529	0.51262	0.81351	1.0	284	2	-0.03529
CPSF7	12	0.024651	0.27765	1.0	74	7	-0.10469	0.5148	0.81576	1.0	285	1	-0.10469
HIST1H2BH	12	0.65923	0.9159	1.0	309	1	0.048656	0.51584	0.81576	1.0	286	3	0.048656
ZNF217	12	0.64419	0.91161	1.0	305	2	-0.031904	0.51849	0.8215	1.0	287	4	-0.031904
ADAP1	12	0.12787	0.55414	1.0	126	4	0.066253	0.51873	0.8215	1.0	288	4	0.066253
LRRC8A	12	0.30024	0.74749	1.0	190	5	-0.076313	0.5206	0.82253	1.0	289	3	-0.076313
CASR	9	0.57308	0.85494	1.0	283	2	-0.043183	0.52087	0.78648	1.0	290	3	-0.043183
SPAG7	12	0.25841	0.71363	1.0	170	3	-0.013898	0.52161	0.82385	1.0	291	4	-0.013898
SLC25A40	12	0.5168	0.87122	1.0	258	4	-0.072846	0.52486	0.82928	1.0	292	3	-0.072846
KDM6A	12	0.27585	0.73169	1.0	178	5	-0.052651	0.53387	0.83437	1.0	293	1	-0.052651
TAF10	9	0.0046382	0.086344	0.856438	55	7	-0.27616	0.54001	0.79852	1.0	294	2	-0.27616
CTNNBIP1	12	0.17063	0.59369	1.0	143	5	0.013552	0.54428	0.8444	1.0	295	4	0.013552
ASB16-AS1	12	0.48503	0.85244	1.0	252	3	0.07677	0.55326	0.84584	1.0	296	4	0.07677
SENP3-EIF4A1	12	0.53805	0.87904	1.0	270	4	-0.036789	0.55852	0.84702	1.0	297	4	-0.036789
STAM	12	0.08203	0.4766	1.0	103	6	-0.12546	0.55877	0.84702	1.0	298	2	-0.12546
KLF6	12	0.5757	0.89081	1.0	284	3	-0.10913	0.56383	0.84792	1.0	299	1	-0.10913
ZNF833P	12	0.49866	0.86276	1.0	254	4	-0.066333	0.56552	0.8519	1.0	300	4	-0.066333
ZNF468	12	0.093973	0.488	1.0	109	5	-0.14389	0.56559	0.8519	1.0	301	3	-0.14389
NAA38	12	0.028439	0.29102	1.0	76	7	-0.16196	0.56822	0.8519	1.0	302	3	-0.16196
SIRT5	12	0.55724	0.88491	1.0	278	2	0.035347	0.57266	0.8519	1.0	303	4	0.035347
IBA57	12	0.97897	0.99334	1.0	444	1	0.051011	0.57429	0.8519	1.0	304	4	0.051011
HIST1H2BG	12	0.29815	0.74647	1.0	188	5	-0.0029166	0.58485	0.8529	1.0	305	4	-0.0029166
ELF4	12	0.88961	0.97485	1.0	402	1	0.062084	0.59036	0.85812	1.0	306	2	0.062084
TFDP1	12	0.30066	0.74749	1.0	191	5	0.063916	0.59041	0.85812	1.0	307	3	0.063916
TUT1	6	0.95178	0.96378	1.0	427	0	0.16909	0.59136	0.77092	1.0	308	2	0.16909
ZNF300	12	0.076211	0.45725	1.0	101	5	0.025554	0.59709	0.86207	1.0	309	4	0.025554
SCX	12	0.43313	0.83028	1.0	237	4	-0.039309	0.59903	0.86208	1.0	310	4	-0.039309
LOC646471	12	0.97816	0.99279	1.0	442	1	0.075688	0.60129	0.86208	1.0	311	4	0.075688
POLR2L	9	0.37678	0.74306	1.0	218	3	-0.020833	0.60271	0.83384	1.0	312	3	-0.020833
VOPP1	12	0.52713	0.87458	1.0	265	4	-0.058769	0.6085	0.86692	1.0	313	4	-0.058769
MIR5089	6	0.14291	0.45605	1.0	133	3	-0.12274	0.61234	0.78491	1.0	314	1	-0.12274
ZC3H13	12	0.12958	0.55414	1.0	128	6	-0.1197	0.61363	0.87311	1.0	315	3	-0.1197
USF2	12	0.33571	0.7673	1.0	203	3	-0.020487	0.62009	0.87489	1.0	316	3	-0.020487
CNN1	12	0.034599	0.33596	1.0	79	6	-0.1456	0.62164	0.87711	1.0	317	3	-0.1456
RPP14	12	0.58543	0.89392	1.0	288	2	-0.074528	0.62185	0.87711	1.0	318	4	-0.074528
SEC1P	12	0.46789	0.84302	1.0	245	4	-0.060295	0.62698	0.87712	1.0	319	3	-0.060295
MIR100HG	12	0.10094	0.4908	1.0	114	5	-0.1462	0.62778	0.87712	1.0	320	3	-0.1462
NSA2	12	0.28	0.7317	1.0	181	5	-0.14672	0.63136	0.88058	1.0	321	3	-0.14672
PPCDC	12	0.11313	0.51224	1.0	119	6	-0.10977	0.63382	0.88059	1.0	322	3	-0.10977
KMT2A	12	0.55796	0.88491	1.0	279	4	-0.019202	0.63408	0.88059	1.0	323	3	-0.019202
PXK	12	0.3436	0.7731	1.0	207	3	0.016772	0.63631	0.88285	1.0	324	4	0.016772
ZNF626	12	0.096299	0.48933	1.0	112	6	-0.085024	0.63652	0.88285	1.0	325	3	-0.085024
GPN2	6	0.14383	0.45606	1.0	135	3	-0.24278	0.63812	0.78955	1.0	326	1	-0.24278
FNDC3B	12	0.14339	0.56977	1.0	134	4	-0.078371	0.63904	0.88361	1.0	327	2	-0.078371
PRR3	12	0.74011	0.94522	1.0	350	2	0.062054	0.64151	0.88361	1.0	328	4	0.062054
CYC1	12	0.74952	0.94749	1.0	354	2	0.072501	0.64163	0.88361	1.0	329	3	0.072501
ITIH1	12	0.41516	0.81552	1.0	231	4	-0.01127	0.64271	0.88362	1.0	330	4	-0.01127
ZNF394	12	0.10044	0.4908	1.0	113	4	-0.058273	0.64318	0.88362	1.0	331	3	-0.058273
SYTL3	12	0.79259	0.95893	1.0	368	1	0.022835	0.64409	0.88362	1.0	332	4	0.022835
CCHCR1	12	0.68327	0.92299	1.0	319	2	0.02605	0.6471	0.88476	1.0	333	4	0.02605
PPIC	12	0.019751	0.2407	1.0	70	7	-0.22747	0.64908	0.88477	1.0	334	2	-0.22747
MSI2	12	0.17381	0.59564	1.0	146	4	0.0011606	0.6504	0.88542	1.0	335	3	0.0011606
COX5A	12	0.27668	0.73169	1.0	179	5	-0.042866	0.65171	0.88543	1.0	336	3	-0.042866
ARCN1	12	0.094802	0.488	1.0	110	6	-0.1082	0.65557	0.88709	1.0	337	3	-0.1082
MYBBP1A	12	0.79292	0.95893	1.0	369	2	0.10675	0.65773	0.8871	1.0	338	4	0.10675
PIKFYVE	12	0.034978	0.3371	1.0	80	7	-0.18018	0.659	0.8871	1.0	339	4	-0.18018
LRPAP1	12	0.19359	0.63561	1.0	149	5	-0.044838	0.66278	0.89035	1.0	340	4	-0.044838
RHOB	12	0.54329	0.87905	1.0	273	3	0.015787	0.66361	0.89224	1.0	341	4	0.015787
BACH1	12	0.26026	0.71562	1.0	171	5	-0.12474	0.66728	0.89295	1.0	342	4	-0.12474
HOXD13	12	0.096029	0.48933	1.0	111	6	-0.16386	0.66756	0.89295	1.0	343	2	-0.16386
ADNP	12	0.82515	0.96555	1.0	379	2	-0.03821	0.66894	0.89296	1.0	344	3	-0.03821
GNAT2	12	0.51945	0.87123	1.0	261	4	0.063519	0.66903	0.89296	1.0	345	4	0.063519
BRD2	12	0.77744	0.95626	1.0	364	3	0.070417	0.67028	0.89397	1.0	346	4	0.070417
RAB10	12	7.2067e-05	0.0069596	0.104293	34	9	-0.52389	0.67234	0.89728	1.0	347	2	-0.52389
MCCC2	12	0.19201	0.63139	1.0	148	4	0.017902	0.67892	0.89799	1.0	348	4	0.017902
PPIL2	12	0.016566	0.21847	1.0	68	7	-0.35672	0.67905	0.89799	1.0	349	1	-0.35672
ITGA2	12	0.20632	0.66216	1.0	153	5	-0.039139	0.67919	0.89799	1.0	350	3	-0.039139
YBX2	12	0.054122	0.38635	1.0	96	3	-0.041353	0.68104	0.89969	1.0	351	3	-0.041353
CSDE1	12	0.73902	0.94428	1.0	349	3	0.05169	0.68397	0.8997	1.0	352	3	0.05169
CCS	12	0.1112	0.50657	1.0	118	6	-0.15882	0.68498	0.90043	1.0	353	1	-0.15882
FOXB1	12	0.53993	0.87904	1.0	271	3	-0.052508	0.68871	0.90582	1.0	354	3	-0.052508
PMFBP1	12	0.81333	0.96396	1.0	375	2	0.038748	0.68914	0.90582	1.0	355	3	0.038748
WDR18	12	0.73449	0.94077	1.0	345	3	0.11279	0.69017	0.90583	1.0	356	3	0.11279
CNOT3	12	0.17147	0.59467	1.0	144	5	-0.022577	0.70112	0.9102	1.0	357	3	-0.022577
SMARCA5	12	0.30622	0.74922	1.0	195	5	-0.089701	0.70342	0.91094	1.0	358	3	-0.089701
RFX8	12	0.62477	0.90337	1.0	300	2	0.033629	0.70442	0.91095	1.0	359	3	0.033629
CHRND	12	0.38854	0.80075	1.0	225	4	-0.072714	0.70806	0.91264	1.0	360	3	-0.072714
CYB5D1	12	0.11386	0.52781	1.0	120	6	-0.092784	0.70863	0.91264	1.0	361	3	-0.092784
LINC01602	3	0.82588	0.83488	1.0	380	0	0.20183	0.71138	0.74992	1.0	362	1	0.20183
OR52B2	12	0.67393	0.92032	1.0	315	3	-0.055211	0.71461	0.91373	1.0	363	3	-0.055211
XBP1	12	0.020129	0.2423	1.0	71	7	-0.21607	0.71502	0.91374	1.0	364	3	-0.21607
TFE3	12	0.043484	0.36478	1.0	89	6	-0.13658	0.71542	0.91374	1.0	365	3	-0.13658
KMT2D	12	0.29175	0.7451	1.0	185	5	-0.095522	0.71615	0.91374	1.0	366	2	-0.095522
SNAPC4	12	0.63978	0.9116	1.0	303	3	0.010111	0.7187	0.91609	1.0	367	2	0.010111
ZNF506	12	0.15113	0.57547	1.0	136	5	-0.068169	0.72387	0.91803	1.0	368	3	-0.068169
FOSL1	12	0.25034	0.70959	1.0	166	5	-0.046589	0.72608	0.91878	1.0	369	1	-0.046589
NCOA3	12	0.27502	0.73169	1.0	177	5	-0.070263	0.72625	0.91878	1.0	370	3	-0.070263
ZNF860	12	0.33584	0.7673	1.0	204	4	0.053189	0.73019	0.92062	1.0	371	3	0.053189
EEF1D	12	0.0019743	0.079984	0.820329	48	9	-0.19585	0.73234	0.92062	1.0	372	1	-0.19585
VHL	12	1.659e-05	0.0025808	0.040901	33	11	-0.42616	0.73625	0.92063	1.0	373	1	-0.42616
GID4	12	0.0081524	0.13583	1.0	61	7	-0.28378	0.74066	0.92244	1.0	374	1	-0.28378
NXF5	12	0.51741	0.87122	1.0	259	3	-0.026508	0.74786	0.92477	1.0	375	3	-0.026508
U2AF1	9	0.36061	0.73529	1.0	213	2	-0.050423	0.75047	0.8957	1.0	376	2	-0.050423
PREB	12	0.00412	0.10983	1.0	53	8	-0.45039	0.75556	0.93245	1.0	377	1	-0.45039
ARPC5L	12	0.041876	0.36477	1.0	87	7	-0.14787	0.7566	0.93245	1.0	378	1	-0.14787
LYL1	12	0.72367	0.93303	1.0	339	3	-0.016679	0.75692	0.93245	1.0	379	2	-0.016679
SLC4A1AP	12	0.24759	0.70958	1.0	165	5	0.0012692	0.7612	0.93563	1.0	380	2	0.0012692
TNFRSF8	12	0.55655	0.88261	1.0	277	4	0.013446	0.76296	0.93564	1.0	381	2	0.013446
EXOC2	12	0.18914	0.62824	1.0	147	5	-0.089358	0.76622	0.93786	1.0	382	2	-0.089358
PACRGL	12	0.36842	0.7924	1.0	214	4	0.012878	0.77041	0.93893	1.0	383	3	0.012878
CABIN1	12	0.1279	0.55414	1.0	127	5	-0.037827	0.7708	0.93893	1.0	384	3	-0.037827
ZC3H11A	12	0.2309	0.67565	1.0	160	5	-0.10196	0.78718	0.94391	1.0	385	2	-0.10196
SRGAP2	12	0.12592	0.55051	1.0	125	6	-0.056929	0.79817	0.94458	1.0	386	3	-0.056929
GNB2L1	12	0.86338	0.96994	1.0	388	2	-0.083631	0.80599	0.94674	1.0	387	2	-0.083631
DAGLA	12	0.10857	0.50341	1.0	117	6	-0.13034	0.81051	0.94752	1.0	388	3	-0.13034
KIAA1683	9	0.97312	0.98623	1.0	439	0	-0.013005	0.81408	0.92777	1.0	389	2	-0.013005
SUSD5	12	0.37087	0.79586	1.0	217	4	-0.033299	0.8145	0.94819	1.0	390	3	-0.033299
SP2-AS1	12	0.51359	0.86465	1.0	256	2	0.060048	0.81898	0.95105	1.0	391	1	0.060048
HIST1H2BF	12	0.99295	0.99718	1.0	470	0	0.035957	0.82524	0.95216	1.0	392	3	0.035957
RPS25	12	0.38545	0.80074	1.0	223	3	-0.020472	0.82707	0.95216	1.0	393	2	-0.020472
RNASEK-C17orf49	12	0.19827	0.6502	1.0	151	5	0.021313	0.82785	0.95217	1.0	394	3	0.021313
TMEM138	12	0.29862	0.74647	1.0	189	5	-0.05514	0.82857	0.95217	1.0	395	3	-0.05514
PRMT1	12	0.77675	0.95626	1.0	363	3	-0.030019	0.82937	0.95217	1.0	396	2	-0.030019
B4GALT2	12	0.29315	0.74646	1.0	187	4	-0.031884	0.82969	0.95217	1.0	397	2	-0.031884
RDH14	12	0.54642	0.87905	1.0	275	3	-0.012622	0.8306	0.95217	1.0	398	3	-0.012622
TM4SF5	12	0.25083	0.70959	1.0	167	4	-0.027525	0.83072	0.95217	1.0	399	3	-0.027525
CUL5	12	0.40628	0.80813	1.0	229	4	-0.039374	0.83115	0.95217	1.0	400	3	-0.039374
OSGIN1	12	0.91613	0.98102	1.0	414	1	0.056812	0.83285	0.95289	1.0	401	3	0.056812
GTF2H3	12	0.006306	0.12911	1.0	59	8	-0.22243	0.83327	0.95289	1.0	402	3	-0.22243
CAB39	12	0.039045	0.35229	1.0	83	6	-0.22493	0.83627	0.95386	1.0	403	1	-0.22493
INSIG2	12	0.019457	0.23782	1.0	69	7	-0.4185	0.8414	0.95567	1.0	404	2	-0.4185
ZFP69	12	0.67231	0.91894	1.0	313	3	0.032519	0.84256	0.95626	1.0	405	3	0.032519
ATF4	12	0.13816	0.56152	1.0	132	6	-0.038676	0.84997	0.95737	1.0	406	2	-0.038676
EGFR	12	0.68888	0.923	1.0	324	2	0.048832	0.85064	0.95737	1.0	407	3	0.048832
ICAM3	12	0.98593	0.99498	1.0	455	1	0.019306	0.85322	0.95835	1.0	408	3	0.019306
USP17L2	12	0.21601	0.67202	1.0	156	5	-0.064987	0.85615	0.95901	1.0	409	2	-0.064987
MTA2	12	0.20521	0.66096	1.0	152	5	-0.10289	0.85656	0.95901	1.0	410	2	-0.10289
MED26	12	0.0019191	0.07825	0.820329	47	9	-0.31194	0.8579	0.95902	1.0	411	2	-0.31194
SMARCE1	12	0.3057	0.74922	1.0	193	4	0.010923	0.8588	0.95902	1.0	412	3	0.010923
TREM1	12	0.701	0.92427	1.0	334	3	-0.027726	0.86263	0.96146	1.0	413	3	-0.027726
PIAS1	12	0.60408	0.89704	1.0	293	3	0.017301	0.86277	0.96147	1.0	414	2	0.017301
HOXC6	12	0.64595	0.91161	1.0	306	3	-0.048705	0.86322	0.96193	1.0	415	2	-0.048705
UVRAG	12	0.0037374	0.10772	1.0	52	8	-0.21217	0.86482	0.96193	1.0	416	3	-0.21217
ZNF131	9	0.69406	0.90108	1.0	328	2	-0.0018008	0.86783	0.94785	1.0	417	1	-0.0018008
TBC1D29	12	0.23571	0.68815	1.0	161	4	-0.077777	0.87828	0.96453	1.0	418	2	-0.077777
TEFM	12	0.64364	0.91161	1.0	304	3	-0.080146	0.87999	0.96454	1.0	419	1	-0.080146
TAF2	9	0.41307	0.75518	1.0	230	3	-0.10812	0.8845	0.95389	1.0	420	2	-0.10812
FARSB	9	0.11422	0.46652	1.0	121	4	-0.08641	0.88947	0.95658	1.0	421	2	-0.08641
CAPZA1	12	0.76939	0.95625	1.0	359	3	-0.012235	0.89092	0.96848	1.0	422	2	-0.012235
CITED2	12	0.062526	0.39792	1.0	98	5	-0.047809	0.8911	0.96848	1.0	423	1	-0.047809
MEIKIN	12	0.66775	0.91761	1.0	311	2	-0.032442	0.89617	0.96914	1.0	424	1	-0.032442
MSTO1	12	0.0013239	0.072762	0.7928	46	9	-0.22687	0.89734	0.96967	1.0	425	1	-0.22687
EEF1DP3	6	0.34555	0.64302	1.0	208	2	-0.058763	0.89765	0.93181	1.0	426	1	-0.058763
THOP1	12	0.051034	0.37853	1.0	94	6	-0.15096	0.90181	0.97176	1.0	427	2	-0.15096
SNX19	12	0.16787	0.59174	1.0	142	4	-0.067621	0.90653	0.97297	1.0	428	2	-0.067621
TMEM161A	12	0.31614	0.75313	1.0	198	5	-0.067148	0.90717	0.97297	1.0	429	1	-0.067148
DMPK	12	0.26351	0.71563	1.0	172	5	-0.052961	0.90804	0.97297	1.0	430	2	-0.052961
OTX2	12	0.2926	0.7451	1.0	186	5	-0.12383	0.9169	0.97793	1.0	431	1	-0.12383
EHD2	12	0.48667	0.85245	1.0	253	3	0.0516	0.91805	0.97851	1.0	432	2	0.0516
HNF4A	12	0.00056957	0.028478	0.346367	43	9	-0.36687	0.919	0.97852	1.0	433	1	-0.36687
GPR4	12	0.66415	0.91681	1.0	310	3	-0.015877	0.91956	0.97852	1.0	434	1	-0.015877
CEBPA	12	0.37026	0.79477	1.0	216	4	0.0022709	0.92159	0.97988	1.0	435	2	0.0022709
ZNF99	12	0.60457	0.89705	1.0	294	3	0.0058604	0.92745	0.98111	1.0	436	2	0.0058604
DMRTA2	12	0.47583	0.84704	1.0	248	2	-0.015806	0.92912	0.98111	1.0	437	2	-0.015806
CNPY3	12	0.13196	0.55415	1.0	129	6	-0.1115	0.92972	0.98137	1.0	438	2	-0.1115
DNAJB14	12	0.050922	0.37702	1.0	93	6	-0.14773	0.93172	0.98175	1.0	439	1	-0.14773
DENND4C	12	0.013535	0.16497	1.0	66	7	-0.28169	0.93296	0.9821	1.0	440	2	-0.28169
MBOAT7	12	0.00015879	0.014093	0.199202	36	9	-0.39374	0.93367	0.9821	1.0	441	2	-0.39374
TRAPPC2L	12	0.0050845	0.11494	1.0	58	6	-0.20226	0.94062	0.98262	1.0	442	2	-0.20226
RN7SK	6	0.81847	0.89251	1.0	377	1	0.064342	0.94192	0.9467	1.0	443	0	0.064342
PFDN2	9	0.0047999	0.08679	0.856438	56	6	-0.52285	0.9428	0.97028	1.0	444	1	-0.52285
CLEC3B	12	0.050614	0.37702	1.0	92	7	-0.12001	0.9434	0.98294	1.0	445	1	-0.12001
RBM10	12	0.77361	0.95625	1.0	361	3	-0.093549	0.94416	0.98325	1.0	446	2	-0.093549
AP2M1	12	0.0005075	0.028131	0.346367	41	9	-0.40415	0.94682	0.98452	1.0	447	1	-0.40415
ARFRP1	12	0.06301	0.39792	1.0	99	4	-0.020567	0.95182	0.98682	1.0	448	2	-0.020567
SPPL3	12	0.00045183	0.027398	0.346367	40	9	-0.28193	0.95236	0.9872	1.0	449	2	-0.28193
GCOM1	12	0.052099	0.38145	1.0	95	5	-0.11616	0.95367	0.9877	1.0	450	1	-0.11616
ZNF233	12	0.26801	0.72664	1.0	173	5	-0.085447	0.95401	0.9877	1.0	451	1	-0.085447
GPN1	6	0.12309	0.4082	1.0	124	3	-0.23367	0.9591	0.95966	1.0	452	0	-0.23367
MED20	12	0.23896	0.69666	1.0	163	5	-0.095382	0.96098	0.98935	1.0	453	1	-0.095382
GAPDH	12	0.44669	0.83257	1.0	241	4	-0.040989	0.96342	0.9898	1.0	454	2	-0.040989
CDK5RAP3	12	0.030405	0.32561	1.0	77	7	-0.23697	0.96579	0.98981	1.0	455	1	-0.23697
EXOC1	12	0.042838	0.36477	1.0	88	7	-0.21362	0.97072	0.99041	1.0	456	1	-0.21362
LOC105371789	6	0.2302	0.53778	1.0	159	3	-0.10714	0.97297	0.97129	1.0	457	0	-0.10714
FNTB	12	0.0010509	0.068195	0.777808	45	8	-0.26863	0.97709	0.99118	1.0	458	1	-0.26863
USP39	9	0.78754	0.92578	1.0	366	2	-0.049752	0.97834	0.98519	1.0	459	1	-0.049752
SETDB1	12	0.026291	0.28298	1.0	75	7	-0.23283	0.97983	0.99196	1.0	460	1	-0.23283
GPN3	9	0.03219	0.27277	1.0	78	5	-0.29459	0.98179	0.98654	1.0	461	1	-0.29459
ZBTB11	9	0.020517	0.22772	1.0	72	6	-0.45587	0.98319	0.98655	1.0	462	0	-0.45587
GTF2F2	9	0.0025646	0.069899	0.777808	51	7	-0.51177	0.98406	0.98712	1.0	463	0	-0.51177
ACAD11	12	4.972e-08	5.4488e-05	0.001357	21	11	-0.47622	0.98716	0.99477	1.0	464	1	-0.47622
FAM24B-CUZD1	12	0.17368	0.59564	1.0	145	5	-0.080717	0.98901	0.99541	1.0	465	1	-0.080717
ZKSCAN8	12	0.078893	0.47295	1.0	102	6	-0.10481	0.98916	0.99541	1.0	466	1	-0.10481
YY1	12	0.02389	0.27572	1.0	73	7	-0.36024	0.99042	0.99542	1.0	467	1	-0.36024
MAU2	12	0.0092087	0.14469	1.0	63	8	-0.46769	0.99087	0.99542	1.0	468	1	-0.46769
DNAH1	12	0.2713	0.72768	1.0	174	5	-0.045392	0.99146	0.99542	1.0	469	1	-0.045392
HAVCR1	12	0.055206	0.38636	1.0	97	5	-0.11	0.9916	0.99542	1.0	470	1	-0.11
BCL9L	12	0.10646	0.49982	1.0	116	6	-0.070076	0.9917	0.99542	1.0	471	1	-0.070076
RABIF	12	7.3184e-05	0.0069795	0.104293	35	9	-0.42907	0.99267	0.99611	1.0	472	1	-0.42907
CSNK1A1	12	0.52221	0.87349	1.0	263	4	-0.076995	0.99303	0.99612	1.0	473	1	-0.076995
LOC100131626	9	0.071203	0.38337	1.0	100	5	-0.28234	0.99341	0.99255	1.0	474	0	-0.28234
STT3A	9	0.00018069	0.010675	0.155081	37	7	-0.83433	0.9946	0.99368	1.0	475	0	-0.83433
SCAF4	12	0.0042566	0.11067	1.0	54	7	-0.22767	0.99509	0.99689	1.0	476	1	-0.22767
GTF2E2	9	0.0022839	0.068522	0.777808	50	5	-0.39485	0.99525	0.99506	1.0	477	0	-0.39485
EIF5A	12	0.013017	0.16414	1.0	65	8	-0.31527	0.99531	0.99689	1.0	478	1	-0.31527
MESDC2	12	0.044894	0.36705	1.0	91	7	-0.18266	0.99646	0.99708	1.0	479	0	-0.18266
COPS4	12	0.041425	0.36295	1.0	86	7	-0.13894	0.99677	0.99708	1.0	480	0	-0.13894
GTF3A	12	0.0070558	0.13008	1.0	60	8	-0.24144	0.99738	0.99799	1.0	481	0	-0.24144
INTS12	12	0.00026938	0.02081	0.279062	39	9	-0.32225	0.99779	0.99806	1.0	482	0	-0.32225
YKT6	12	0.00023371	0.016381	0.225457	38	9	-0.43806	0.99792	0.99816	1.0	483	0	-0.43806
USP24	12	0.00051815	0.02822	0.346367	42	8	-0.34101	0.99796	0.99816	1.0	484	0	-0.34101
INTS1	12	0.036798	0.34863	1.0	81	7	-0.28091	0.99845	0.99841	1.0	485	0	-0.28091
MIER3	12	0.044538	0.36478	1.0	90	7	-0.14415	0.9989	0.99866	1.0	486	0	-0.14415
OST4	12	3.0748e-06	0.0016396	0.027662	31	11	-0.3812	0.99902	0.99877	1.0	487	0	-0.3812
AP5Z1	12	0.0379	0.3499	1.0	82	7	-0.19735	0.99947	0.99944	1.0	488	0	-0.19735
EXOC8	12	0.0049522	0.11393	1.0	57	8	-0.33102	0.99955	0.9996	1.0	489	0	-0.33102
PIK3C3	12	0.00084734	0.032876	0.39078	44	9	-0.5569	0.99967	0.99966	1.0	490	0	-0.5569
USP22	12	0.002049	0.079994	0.820329	49	8	-0.2494	0.99972	0.99975	1.0	491	0	-0.2494
NR5A1	12	0.0082539	0.13692	1.0	62	7	-0.28971	0.99983	0.99986	1.0	492	0	-0.28971
SURF4	12	1.2955e-06	0.0012929	0.023316	28	9	-0.51569	0.99984	0.99986	1.0	493	0	-0.51569
UXT	12	2.7126e-06	0.0016297	0.027662	30	10	-0.84598	0.99985	0.99987	1.0	494	0	-0.84598
POLR3H	12	1.3596e-07	6.4395e-05	0.001403	24	10	-0.76216	0.99986	0.99987	1.0	495	0	-0.76216
DPAGT1	12	4.5014e-08	5.4488e-05	0.001357	20	11	-0.85977	0.99995	0.99992	1.0	496	0	-0.85977
PROX1	12	2.178e-07	7.4302e-05	0.001439	26	11	-0.36255	0.99996	0.99995	1.0	497	0	-0.36255
TMEM258	12	1.2577e-05	0.0025411	0.040901	32	11	-0.32234	1.0	0.99999	1.0	498	0	-0.32234
EXOC3	9	1.5584e-06	0.0010848	0.020263	29	9	-0.84578	1.0	1.0	1.0	499	0	-0.84578
TRAPPC1	12	1.5872e-10	4.9535e-06	0.000136	18	11	-1.2055	1.0	0.99999	1.0	500	0	-1.2055
NUDC	12	1.3494e-10	4.9535e-06	0.000136	17	11	-0.78693	1.0	1.0	1.0	501	0	-0.78693
HYOU1	12	2.5967e-07	7.4302e-05	0.001439	27	12	-0.94554	1.0	1.0	1.0	502	0	-0.94554
GMPPB	12	1.5207e-07	7.4302e-05	0.001439	25	12	-0.42644	1.0	1.0	1.0	503	0	-0.42644
ARID3A	12	8.9102e-08	6.4395e-05	0.001403	23	12	-0.5424	1.0	1.0	1.0	504	0	-0.5424
GOSR2	12	7.1991e-08	6.4395e-05	0.001403	22	12	-0.63758	1.0	1.0	1.0	505	0	-0.63758
SREBF2	12	6.206e-14	4.9535e-06	0.000136	11	12	-1.0798	1.0	1.0	1.0	506	0	-1.0798
TMED2	12	3.768e-12	4.9535e-06	0.000136	15	12	-1.2909	1.0	1.0	1.0	507	0	-1.2909
SLC39A7	12	4.6461e-10	4.9535e-06	0.000136	19	12	-0.74232	1.0	1.0	1.0	508	0	-0.74232
ZNF652	12	3.4769e-12	4.9535e-06	0.000136	14	12	-0.96277	1.0	1.0	1.0	509	0	-0.96277
USO1	12	1.484e-11	4.9535e-06	0.000136	16	12	-1.1385	1.0	1.0	1.0	510	0	-1.1385
GET4	12	2.9539e-15	4.9535e-06	0.000136	7	12	-0.96871	1.0	1.0	1.0	511	0	-0.96871
MBTPS2	12	1.4032e-12	4.9535e-06	0.000136	12	12	-1.1609	1.0	1.0	1.0	512	0	-1.1609
GDI2	12	3.1877e-12	4.9535e-06	0.000136	13	12	-0.91172	1.0	1.0	1.0	513	0	-0.91172
LDLR	12	5.3684e-19	4.9535e-06	0.000136	3	12	-2.1421	1.0	1.0	1.0	514	0	-2.1421
WDR7	12	2.0413e-14	4.9535e-06	0.000136	10	12	-1.4885	1.0	1.0	1.0	515	0	-1.4885
GTF2A2	12	8.1316e-15	4.9535e-06	0.000136	9	12	-1.254	1.0	1.0	1.0	516	0	-1.254
MBTPS1	12	1.8564e-15	4.9535e-06	0.000136	6	12	-1.401	1.0	1.0	1.0	517	0	-1.401
WRB	12	3.3889e-15	4.9535e-06	0.000136	8	12	-1.6135	1.0	1.0	1.0	518	0	-1.6135
ATP11A	12	3.0641e-19	4.9535e-06	0.000136	2	12	-1.1421	1.0	1.0	1.0	519	0	-1.1421
RIC1	12	7.8671e-21	4.9535e-06	0.000136	1	12	-1.5564	1.0	1.0	1.0	520	0	-1.5564
SCAP	12	1.1859e-17	4.9535e-06	0.000136	5	12	-1.7901	1.0	1.0	1.0	521	0	-1.7901
SCARB1	12	1.2008e-18	4.9535e-06	0.000136	4	12	-1.5233	1.0	1.0	1.0	522	0	-1.5233
