id	num	neg|score	neg|p-value	neg|fdr	neg|rank	neg|goodsgrna	neg|lfc	pos|score	pos|p-value	pos|fdr	pos|rank	pos|goodsgrna	pos|lfc
NAA38	12	1.0	1.0	1.0	522	0	1.4793	1.1414e-20	4.9535e-06	0.000185	1	12	1.4793
SMAD7	12	1.0	1.0	1.0	521	0	0.62339	3.0896e-15	4.9535e-06	0.000185	2	12	0.62339
AGBL2	12	1.0	1.0	1.0	516	0	0.714	9.3774e-15	4.9535e-06	0.000185	3	12	0.714
CDH1	12	1.0	1.0	1.0	517	0	1.0028	1.5006e-13	4.9535e-06	0.000185	4	12	1.0028
ARPC5L	12	1.0	1.0	1.0	520	0	0.93222	6.8756e-13	4.9535e-06	0.000185	5	12	0.93222
FADS2	12	1.0	1.0	1.0	519	0	0.97824	1.0287e-11	4.9535e-06	0.000185	6	12	0.97824
PROX1	12	1.0	1.0	1.0	515	0	0.9445	1.5149e-11	4.9535e-06	0.000185	7	12	0.9445
DR1	12	1.0	1.0	1.0	518	0	0.65178	6.6292e-11	4.9535e-06	0.000185	8	12	0.65178
STK40	12	1.0	1.0	1.0	512	0	0.62303	1.2811e-09	4.9535e-06	0.000185	9	12	0.62303
MTF1	12	0.99981	0.99994	1.0	499	0	0.73066	1.1949e-08	4.9535e-06	0.000185	10	11	0.73066
SMARCC1	12	1.0	1.0	1.0	511	0	0.70652	4.9815e-08	4.9535e-06	0.000185	11	12	0.70652
DRAP1	12	1.0	1.0	1.0	513	0	0.64556	9.1882e-08	4.9535e-06	0.000185	12	12	0.64556
ALG2	12	1.0	1.0	1.0	514	0	0.64309	1.0648e-07	4.9535e-06	0.000185	13	12	0.64309
RRBP1	12	0.93362	0.98854	1.0	429	1	0.61282	4.2352e-07	4.9535e-06	0.000185	14	10	0.61282
ARID1A	12	0.99999	1.0	1.0	509	0	0.65932	6.5765e-07	1.486e-05	0.000457	15	12	0.65932
RALGAPB	12	0.9999	0.99996	1.0	503	0	0.58243	7.9977e-07	1.486e-05	0.000457	16	11	0.58243
ATG4D	12	0.9991	0.99963	1.0	487	0	0.57725	8.7419e-07	1.486e-05	0.000457	17	11	0.57725
MYNN	12	0.99915	0.99964	1.0	489	0	0.49098	1.4913e-06	2.4767e-05	0.00072	18	10	0.49098
SMARCA4	12	0.99999	1.0	1.0	510	0	0.68412	5.4435e-06	5.4488e-05	0.0015	19	12	0.68412
PEX6	12	0.99978	0.99994	1.0	497	0	0.49832	5.8151e-06	6.4395e-05	0.001684	20	11	0.49832
CCT6B	12	0.99999	0.99999	1.0	508	0	0.37528	1.0525e-05	8.4209e-05	0.002097	21	12	0.37528
CERS6	12	0.99989	0.99996	1.0	501	0	0.36648	2.2852e-05	0.00020309	0.004828	22	10	0.36648
VPS29	12	0.99964	0.99991	1.0	492	0	0.51976	2.875e-05	0.00022291	0.005069	23	11	0.51976
DCPS	12	0.9999	0.99996	1.0	504	0	0.341	4.9069e-05	0.00032198	0.007016	24	11	0.341
MBNL1	12	0.99995	0.99998	1.0	505	0	0.469	5.1241e-05	0.00034179	0.007075	25	11	0.469
PDCD10	12	0.98385	0.99497	1.0	459	1	0.64615	5.3129e-05	0.0003517	0.007075	26	10	0.64615
STRAP	12	0.99968	0.99992	1.0	495	0	0.50541	6.9784e-05	0.00044086	0.00854	27	10	0.50541
MBOAT7	12	0.99979	0.99994	1.0	498	0	0.53779	8.7841e-05	0.00069844	0.012775	28	11	0.53779
PBRM1	12	0.99989	0.99996	1.0	502	0	0.4099	9.1645e-05	0.00070835	0.012775	29	11	0.4099
ZC3H4	12	0.99996	0.99998	1.0	506	0	0.43793	0.00011586	0.00076779	0.013121	30	10	0.43793
USP22	12	0.99235	0.99714	1.0	474	0	0.42923	0.00011824	0.0007777	0.013121	31	11	0.42923
BCAT2	12	0.99988	0.99996	1.0	500	0	0.3814	0.00020608	0.0012037	0.019673	32	11	0.3814
CASR	9	0.53503	0.85134	1.0	265	2	0.67389	0.00020709	0.0014316	0.022021	33	7	0.67389
SMARCE1	12	0.98738	0.99555	1.0	468	1	0.58435	0.00021536	0.0012532	0.019862	34	8	0.58435
NR5A1	12	0.97043	0.99215	1.0	447	1	0.41617	0.00030249	0.0017783	0.026573	35	10	0.41617
MLLT1	12	0.99938	0.99973	1.0	490	0	0.43687	0.00032072	0.0019863	0.028857	36	10	0.43687
SOX12	12	0.92926	0.98775	1.0	425	1	0.4854	0.0003575	0.0020953	0.029618	37	9	0.4854
SPAG7	12	0.99966	0.99992	1.0	493	0	0.44122	0.0003788	0.0026402	0.036338	38	10	0.44122
KAT7	12	0.77788	0.96289	1.0	358	1	0.42303	0.00046791	0.0033733	0.04303	39	9	0.42303
SP5	12	0.66098	0.93004	1.0	299	1	0.27393	0.00046948	0.0033733	0.04303	40	9	0.27393
CCDC93	9	0.99831	0.99937	1.0	483	0	0.48784	0.00052287	0.0029374	0.039392	41	8	0.48784
CDIPT	12	0.99996	0.99998	1.0	507	0	0.29912	0.00074157	0.005117	0.063718	42	10	0.29912
NFYA	12	0.76356	0.96112	1.0	351	2	0.57033	0.00099557	0.0062067	0.075491	43	8	0.57033
IREB2	12	0.99544	0.9985	1.0	478	0	0.3696	0.0011102	0.0065039	0.076087	44	8	0.3696
TFRC	12	0.9996	0.99989	1.0	491	0	0.39562	0.0011427	0.0066426	0.076087	45	10	0.39562
MGAT1	12	0.89433	0.98076	1.0	402	2	0.46368	0.0011597	0.0066922	0.076087	46	9	0.46368
RFX7	12	0.93876	0.98855	1.0	431	1	0.47537	0.0012335	0.0073757	0.082075	47	8	0.47537
SQLE	12	0.54953	0.89776	1.0	273	2	0.39416	0.001523	0.0082376	0.089756	48	9	0.39416
SMARCA1	12	0.98589	0.99498	1.0	466	1	0.36261	0.0016556	0.0094958	0.101353	49	10	0.36261
GPBP1L1	12	0.96098	0.99018	1.0	440	1	0.41851	0.0018205	0.01015	0.106166	50	10	0.41851
EBP	12	0.97619	0.99253	1.0	454	1	0.39943	0.0020105	0.010576	0.108453	51	10	0.39943
CCNI2	12	0.99967	0.99992	1.0	494	0	0.25638	0.0021228	0.010952	0.110153	52	10	0.25638
CCDC101	12	0.99487	0.99844	1.0	477	0	0.33879	0.0026807	0.012091	0.119318	53	9	0.33879
CCS	12	0.79003	0.96449	1.0	364	2	0.28915	0.0031753	0.014112	0.136682	54	9	0.28915
CYC1	12	0.90147	0.98233	1.0	407	1	0.26925	0.0037222	0.016203	0.154074	55	9	0.26925
TMEM88	12	0.9997	0.99993	1.0	496	0	0.19908	0.0044289	0.021335	0.195755	56	9	0.19908
UCKL1-AS1	6	0.76209	0.88351	1.0	349	1	0.36005	0.0048672	0.019155	0.178895	57	5	0.36005
TAF8	12	0.95356	0.98998	1.0	435	1	0.39662	0.0048741	0.022791	0.205512	58	8	0.39662
SALL2	12	0.98745	0.99556	1.0	469	1	0.41369	0.0053988	0.026367	0.23139	59	9	0.41369
TEN1	12	0.74974	0.9561	1.0	344	3	0.28884	0.0054869	0.026546	0.23139	60	8	0.28884
BARX1	12	0.88853	0.97986	1.0	399	2	0.17327	0.0059367	0.028914	0.24011	61	6	0.17327
FLAD1	12	0.83816	0.97226	1.0	377	2	0.25749	0.006033	0.028914	0.24011	62	9	0.25749
GMEB1	12	0.58225	0.90897	1.0	282	3	0.4378	0.0061191	0.028923	0.24011	63	7	0.4378
NFYC	12	0.13983	0.54678	1.0	144	4	0.50035	0.0068727	0.034343	0.280643	64	8	0.50035
CTCF	12	0.86082	0.97695	1.0	385	2	0.27989	0.0073541	0.037542	0.302073	65	7	0.27989
ZNF468	12	0.85717	0.97602	1.0	382	2	0.11806	0.0096961	0.048737	0.386207	66	6	0.11806
FAM71B	12	0.892	0.98075	1.0	401	2	0.20139	0.0099147	0.050342	0.39297	67	9	0.20139
UQCC1	12	0.984	0.99497	1.0	460	1	0.21057	0.010227	0.051561	0.396564	68	9	0.21057
RFX8	12	0.42891	0.84004	1.0	225	2	0.37663	0.011533	0.058456	0.421428	69	8	0.37663
IBA57	12	0.89092	0.98075	1.0	400	2	0.26932	0.011691	0.058605	0.421428	70	7	0.26932
PET117	12	0.9663	0.99067	1.0	445	1	0.31394	0.012136	0.058823	0.421428	71	8	0.31394
CTNNBIP1	12	0.73854	0.95104	1.0	338	2	0.078205	0.012178	0.058823	0.421428	72	5	0.078205
NDUFS3	9	0.31934	0.72417	1.0	190	1	0.52014	0.013512	0.054325	0.411767	73	6	0.52014
ZNF860	12	0.98577	0.99498	1.0	465	1	0.27553	0.013826	0.061379	0.429741	74	9	0.27553
ELOF1	12	0.99794	0.99919	1.0	482	0	0.26174	0.014112	0.061626	0.429741	75	9	0.26174
CUL7	12	0.85654	0.97601	1.0	381	1	0.20115	0.014602	0.062746	0.43179	76	8	0.20115
SENP3-EIF4A1	12	0.92656	0.98774	1.0	422	1	0.27302	0.015972	0.064777	0.439977	77	8	0.27302
VEZF1	12	0.96404	0.99044	1.0	443	1	0.26951	0.016875	0.067818	0.45473	78	8	0.26951
MYLIP	12	0.99876	0.99949	1.0	484	0	0.24503	0.020534	0.081024	0.509946	79	8	0.24503
FNTB	12	0.49136	0.87357	1.0	245	4	0.28604	0.022111	0.084819	0.509946	80	8	0.28604
ZNF626	12	0.66825	0.9343	1.0	305	1	0.28173	0.022303	0.084819	0.509946	81	7	0.28173
TM4SF5	12	0.84772	0.97439	1.0	379	1	0.19459	0.022552	0.084819	0.509946	82	7	0.19459
CBX2	12	0.3028	0.77587	1.0	183	5	0.3927	0.022588	0.084819	0.509946	83	7	0.3927
EML2	12	0.97335	0.99252	1.0	450	1	0.23652	0.022792	0.084828	0.509946	84	7	0.23652
SCAF4	12	0.13154	0.53709	1.0	139	4	0.0701	0.022844	0.084828	0.509946	85	6	0.0701
IRF9	12	0.30404	0.77767	1.0	184	3	0.28251	0.023081	0.084828	0.509946	86	7	0.28251
TAF10	9	0.7823	0.94177	1.0	360	1	-0.0081358	0.023774	0.076526	0.506624	87	3	-0.0081358
AKAP9	12	0.76458	0.96112	1.0	353	3	0.24977	0.024722	0.097916	0.58193	88	7	0.24977
NCOA3	12	0.75714	0.95745	1.0	347	3	0.25392	0.027544	0.10359	0.60875	89	7	0.25392
ZNF410	12	0.58778	0.91023	1.0	285	3	0.1884	0.03034	0.10695	0.614673	90	7	0.1884
ZC3H13	12	0.96323	0.99043	1.0	442	1	0.27592	0.030352	0.10695	0.614673	91	8	0.27592
PMFBP1	12	0.9721	0.99216	1.0	449	1	0.21232	0.031261	0.11086	0.623517	92	8	0.21232
MYBBP1A	12	0.29862	0.77586	1.0	181	4	0.32751	0.032001	0.11087	0.623517	93	7	0.32751
PIKFYVE	12	0.91873	0.98512	1.0	419	2	0.22643	0.033141	0.11245	0.625648	94	8	0.22643
ZFP36L1	12	0.71916	0.94857	1.0	330	2	0.10328	0.033606	0.11464	0.62724	95	6	0.10328
SIX6	12	0.59942	0.91368	1.0	288	1	0.25016	0.034203	0.11513	0.62724	96	8	0.25016
MDH1	12	0.96655	0.99068	1.0	446	1	0.30852	0.034978	0.12356	0.66623	97	7	0.30852
SNAI3-AS1	12	0.74066	0.95201	1.0	339	3	0.22983	0.035566	0.12551	0.669795	98	8	0.22983
LOC646471	12	0.28645	0.75684	1.0	179	4	0.18517	0.037482	0.12805	0.676091	99	6	0.18517
TAOK1	12	0.87275	0.97743	1.0	392	2	0.15117	0.039604	0.13128	0.676091	100	8	0.15117
CUL5	12	0.73019	0.95007	1.0	335	3	0.25116	0.039656	0.13128	0.676091	101	7	0.25116
HAVCR1	12	0.68573	0.93778	1.0	313	2	0.25225	0.040086	0.13328	0.676091	102	7	0.25225
LRPPRC	12	0.97785	0.99309	1.0	455	1	0.20888	0.040922	0.13444	0.676091	103	8	0.20888
MPDU1	12	0.57686	0.9072	1.0	279	2	0.20084	0.040942	0.13444	0.676091	104	6	0.20084
USF1	12	0.90091	0.98232	1.0	406	1	0.24902	0.042695	0.13681	0.681446	105	8	0.24902
CNN1	12	0.98829	0.99594	1.0	470	1	0.18505	0.047266	0.1593	0.769145	106	8	0.18505
B3GNT2	12	0.74702	0.95306	1.0	343	2	0.20704	0.048317	0.16029	0.769145	107	7	0.20704
YBX2	12	0.56207	0.90343	1.0	277	2	0.17434	0.048946	0.1603	0.769145	108	8	0.17434
ABCG5	12	0.87028	0.97696	1.0	391	2	0.27506	0.049201	0.1603	0.769145	109	7	0.27506
SNX19	12	0.54381	0.89776	1.0	268	4	0.22721	0.049457	0.16217	0.771055	110	7	0.22721
HNRNPU	12	0.14369	0.56278	1.0	145	6	-0.19336	0.050601	0.16767	0.790015	111	4	-0.19336
CYP2C18	12	0.99895	0.99957	1.0	485	0	0.16444	0.054895	0.17618	0.800321	112	6	0.16444
ICAM3	12	0.97142	0.99215	1.0	448	1	0.17166	0.055471	0.17689	0.800321	113	8	0.17166
ELF4	12	0.90326	0.98442	1.0	410	2	0.22486	0.055996	0.17826	0.800321	114	7	0.22486
OTX2	12	0.92668	0.98774	1.0	423	2	0.18923	0.056432	0.18056	0.800321	115	6	0.18923
C21orf59	12	0.99905	0.99963	1.0	486	0	0.18512	0.056509	0.18056	0.800321	116	8	0.18512
EPHA2	12	0.87922	0.97856	1.0	394	2	0.17126	0.058494	0.18057	0.800321	117	8	0.17126
SIRT5	12	0.86252	0.97695	1.0	386	2	0.1483	0.059544	0.18057	0.800321	118	6	0.1483
ZNF99	12	0.73509	0.95008	1.0	336	3	0.02688	0.060828	0.18969	0.833354	119	5	0.02688
EPB41	12	0.43034	0.84004	1.0	226	3	0.21058	0.06472	0.19346	0.833354	120	7	0.21058
UGT1A9	12	0.82365	0.96957	1.0	374	1	0.23612	0.067316	0.19821	0.833354	121	7	0.23612
LOC105375800	12	0.30036	0.77587	1.0	182	3	0.070317	0.067493	0.19887	0.833354	122	4	0.070317
ZBTB17	12	0.77588	0.96224	1.0	356	3	0.24227	0.069563	0.19888	0.833354	123	7	0.24227
ZFP69	12	0.47917	0.86692	1.0	239	3	0.22556	0.071123	0.19952	0.833354	124	6	0.22556
SIX4	12	0.99566	0.99851	1.0	479	0	0.15353	0.071455	0.19952	0.833354	125	6	0.15353
SLC35F5	12	0.79525	0.96553	1.0	369	2	0.23211	0.07303	0.20077	0.833354	126	7	0.23211
GAGE1	12	0.93654	0.98855	1.0	430	1	0.21287	0.077486	0.21201	0.873098	127	7	0.21287
SYTL3	12	0.72377	0.95007	1.0	332	1	0.22306	0.077661	0.214	0.874373	128	7	0.22306
KDM3B	12	0.60627	0.9163	1.0	290	2	0.18007	0.081337	0.22116	0.896634	129	6	0.18007
ZNF3	12	0.80557	0.96688	1.0	370	2	0.14787	0.08494	0.23553	0.92508	130	6	0.14787
RSRP1	12	0.68228	0.93778	1.0	311	2	-0.028843	0.085297	0.23554	0.92508	131	5	-0.028843
ZNF512B	12	0.1081	0.50696	1.0	127	6	-0.038714	0.085654	0.23772	0.92508	132	6	-0.038714
GCOM1	12	0.28056	0.7497	1.0	178	4	-0.061695	0.086363	0.23837	0.92508	133	3	-0.061695
SLC25A40	12	0.0063272	0.096251	0.680262	74	4	-0.01863	0.08637	0.23837	0.92508	134	5	-0.01863
ZNF217	12	0.79292	0.96449	1.0	367	2	0.099199	0.087761	0.24056	0.92508	135	5	0.099199
MRPL33	12	0.976	0.99253	1.0	452	1	0.21499	0.088468	0.24056	0.92508	136	7	0.21499
DAGLA	12	0.98467	0.99497	1.0	462	1	0.18276	0.09043	0.24508	0.930258	137	7	0.18276
ST3GAL4	12	0.78489	0.96448	1.0	361	2	0.23989	0.096248	0.25327	0.936528	138	7	0.23989
WDR18	12	0.95042	0.98997	1.0	434	1	0.21449	0.098588	0.25428	0.936528	139	7	0.21449
MED26	12	0.95379	0.98998	1.0	436	1	0.28289	0.098684	0.25428	0.936528	140	7	0.28289
ONECUT1	12	0.92286	0.9865	1.0	420	1	0.13256	0.098794	0.25428	0.936528	141	7	0.13256
AGPAT6	12	0.91594	0.98511	1.0	418	1	0.089569	0.10141	0.25693	0.93969	142	6	0.089569
MIR5089	6	0.71753	0.86713	1.0	329	1	0.24779	0.10301	0.24546	0.930258	143	3	0.24779
ZNF236	9	0.78842	0.94409	1.0	362	1	0.30398	0.10604	0.30512	1.0	144	5	0.30398
YTHDC1	12	0.62034	0.92124	1.0	294	2	0.28078	0.10682	0.27137	0.984688	145	7	0.28078
C16orf62	12	0.21154	0.66803	1.0	158	3	0.20543	0.10716	0.273	0.984688	146	6	0.20543
LOC100270746	12	0.40887	0.82679	1.0	216	2	0.18935	0.10868	0.29773	1.0	147	7	0.18935
FRY	12	0.93123	0.98854	1.0	428	1	0.17662	0.10881	0.29773	1.0	148	7	0.17662
TMEM50A	12	0.91407	0.98487	1.0	417	1	0.17407	0.109	0.29773	1.0	149	6	0.17407
CHRND	12	0.58197	0.90897	1.0	281	2	0.15488	0.11055	0.30125	1.0	150	7	0.15488
SRGAP2	12	0.98515	0.99498	1.0	464	1	0.15496	0.11534	0.31992	1.0	151	7	0.15496
DDX28	12	0.014794	0.1733	0.974567	90	5	0.10269	0.11607	0.31993	1.0	152	6	0.10269
PAX9	12	0.52645	0.88616	1.0	259	3	0.21336	0.11779	0.32086	1.0	153	7	0.21336
PACRGL	12	0.68224	0.93778	1.0	310	3	0.20872	0.1227	0.33927	1.0	154	7	0.20872
ARFRP1	12	0.97945	0.99336	1.0	456	1	0.14445	0.12294	0.33927	1.0	155	7	0.14445
TMEM138	12	0.66902	0.9343	1.0	306	2	0.18448	0.12413	0.33928	1.0	156	7	0.18448
DNAH1	12	0.90034	0.98232	1.0	405	1	0.18005	0.12653	0.34568	1.0	157	7	0.18005
OR13C2	12	0.95457	0.98998	1.0	437	1	0.17794	0.13068	0.35075	1.0	158	7	0.17794
RALGAPA2	12	0.97506	0.99253	1.0	451	1	0.21392	0.13217	0.35208	1.0	159	7	0.21392
MLXIPL	12	0.53574	0.89052	1.0	266	2	0.18046	0.1377	0.37353	1.0	160	7	0.18046
ADNP	12	0.64537	0.92641	1.0	298	2	0.18404	0.13871	0.39194	1.0	161	6	0.18404
ATP6V1G2	12	0.73847	0.95104	1.0	337	3	0.21764	0.13924	0.39195	1.0	162	7	0.21764
GPAA1	12	0.82149	0.96894	1.0	373	2	0.091514	0.1425	0.40091	1.0	163	5	0.091514
MROH2A	12	0.94367	0.98956	1.0	433	1	0.05875	0.1439	0.405	1.0	164	5	0.05875
CAMKK2	9	0.9845	0.99307	1.0	461	0	0.12638	0.14477	0.36205	1.0	165	5	0.12638
EEF1D	12	0.55185	0.89952	1.0	274	4	0.12444	0.14503	0.4072	1.0	166	5	0.12444
FAM110D	12	0.86369	0.97695	1.0	387	2	0.15746	0.14548	0.40721	1.0	167	7	0.15746
CSNK1A1	12	0.86626	0.97696	1.0	388	2	0.092598	0.14586	0.40721	1.0	168	4	0.092598
CREG2	12	0.9259	0.98697	1.0	421	2	0.11673	0.14604	0.40721	1.0	169	6	0.11673
FAM65A	12	0.75493	0.95675	1.0	346	3	-0.013019	0.14607	0.40721	1.0	170	5	-0.013019
ZNF484	12	0.51945	0.88311	1.0	255	4	-0.059679	0.14809	0.40793	1.0	171	4	-0.059679
SP2-AS1	12	0.49904	0.87358	1.0	248	4	0.16148	0.14826	0.40793	1.0	172	7	0.16148
FOXB1	12	0.98677	0.99523	1.0	467	1	0.15975	0.15054	0.41104	1.0	173	7	0.15975
RAP1GAP	12	0.78122	0.96448	1.0	359	3	0.17693	0.15179	0.41357	1.0	174	6	0.17693
SCAMP2	12	0.7908	0.96449	1.0	365	2	0.13655	0.15351	0.41646	1.0	175	7	0.13655
MTA2	12	0.70246	0.94062	1.0	321	3	0.16199	0.1537	0.41647	1.0	176	6	0.16199
YJEFN3	12	0.96553	0.99044	1.0	444	1	0.17798	0.15625	0.41778	1.0	177	7	0.17798
BAG6	12	0.72435	0.95007	1.0	333	1	0.1661	0.15763	0.41779	1.0	178	7	0.1661
PLCG1-AS1	12	0.99914	0.99964	1.0	488	0	0.071768	0.1578	0.41779	1.0	179	4	0.071768
CITED2	12	0.45813	0.84789	1.0	233	4	0.12919	0.15846	0.4213	1.0	180	7	0.12919
TAF2	9	0.99469	0.99772	1.0	476	0	0.20286	0.15884	0.38405	1.0	181	5	0.20286
AP1G1	12	0.8341	0.97074	1.0	376	2	0.14199	0.15928	0.4213	1.0	182	6	0.14199
LSS	12	0.66273	0.93004	1.0	300	1	0.19363	0.1593	0.4213	1.0	183	7	0.19363
RAB20	12	0.90267	0.98354	1.0	409	2	0.1484	0.15999	0.4213	1.0	184	7	0.1484
CHP1	12	0.67963	0.93692	1.0	308	3	0.18248	0.16493	0.42441	1.0	185	6	0.18248
MAU2	12	0.98286	0.99437	1.0	458	1	0.065079	0.16741	0.42939	1.0	186	4	0.065079
PDGFA	12	0.90879	0.98443	1.0	411	2	0.13242	0.17011	0.43379	1.0	187	6	0.13242
CSDE1	12	0.91082	0.98443	1.0	412	2	0.10576	0.17103	0.43579	1.0	188	6	0.10576
CHD2	12	0.74598	0.95305	1.0	342	3	0.13489	0.17265	0.43879	1.0	189	5	0.13489
TMEM253	12	0.58301	0.91022	1.0	284	3	0.15518	0.17413	0.44152	1.0	190	6	0.15518
CNPY3	12	0.88062	0.97857	1.0	396	2	0.11077	0.17691	0.44223	1.0	191	5	0.11077
KIAA1683	9	0.27423	0.69002	1.0	176	4	-0.036806	0.17715	0.40608	1.0	192	2	-0.036806
HAPLN4	12	0.98183	0.99386	1.0	457	1	-0.017987	0.17733	0.44224	1.0	193	3	-0.017987
CCHCR1	12	0.77709	0.96288	1.0	357	3	0.072985	0.17744	0.44224	1.0	194	6	0.072985
USO1	12	0.042861	0.31866	1.0	105	5	0.04943	0.17867	0.44671	1.0	195	6	0.04943
VPS72	12	0.47659	0.8657	1.0	238	1	0.082448	0.1797	0.44672	1.0	196	5	0.082448
POLR3H	12	1.777e-05	0.001491	0.028881	27	11	-0.73714	0.18163	0.44906	1.0	197	1	-0.73714
PXK	12	0.42335	0.83678	1.0	223	4	0.048464	0.18428	0.44907	1.0	198	4	0.048464
DNAH17	12	0.66728	0.93212	1.0	302	3	0.15216	0.18438	0.44907	1.0	199	6	0.15216
TFE3	12	0.0056993	0.089118	0.647345	71	6	-0.26443	0.18632	0.45001	1.0	200	3	-0.26443
COA6	12	0.98491	0.99498	1.0	463	1	0.1577	0.18719	0.45183	1.0	201	6	0.1577
ARCN1	12	0.095424	0.47656	1.0	121	4	0.044045	0.1926	0.45184	1.0	202	6	0.044045
SURF1	12	0.76221	0.96019	1.0	350	2	0.17745	0.19332	0.45616	1.0	203	6	0.17745
PRR3	12	0.75383	0.95674	1.0	345	3	0.015463	0.19376	0.45781	1.0	204	4	0.015463
HOXC6	12	0.74365	0.95202	1.0	341	2	0.052574	0.19416	0.45781	1.0	205	6	0.052574
NSA2	12	0.60555	0.91629	1.0	289	3	0.045999	0.199	0.47479	1.0	206	5	0.045999
TREM1	12	0.85976	0.97695	1.0	384	2	0.15913	0.20239	0.4748	1.0	207	6	0.15913
EMP3	12	0.37983	0.8171	1.0	206	4	0.15841	0.20521	0.4748	1.0	208	6	0.15841
RTEL1	9	0.22423	0.64105	1.0	163	4	-0.15634	0.20639	0.45491	1.0	209	1	-0.15634
TCP10	12	0.50508	0.87879	1.0	249	3	0.11479	0.20756	0.47563	1.0	210	6	0.11479
ITIH1	12	0.26188	0.73956	1.0	171	5	-0.11848	0.21584	0.48242	1.0	211	4	-0.11848
LINC01483	12	0.8174	0.96779	1.0	372	1	0.067923	0.21711	0.49403	1.0	212	5	0.067923
GPR4	12	0.89621	0.98121	1.0	404	2	0.071579	0.21998	0.49622	1.0	213	5	0.071579
GNAT2	12	0.63841	0.92528	1.0	296	2	0.10327	0.22168	0.49623	1.0	214	6	0.10327
DYNLL1	12	0.40234	0.82678	1.0	213	4	0.14304	0.22403	0.4984	1.0	215	6	0.14304
DNAJC5G	12	0.66817	0.9343	1.0	304	3	0.060189	0.22589	0.4984	1.0	216	5	0.060189
USP17L2	12	0.84569	0.97438	1.0	378	2	0.08699	0.22666	0.50102	1.0	217	6	0.08699
PDE1A	12	0.85843	0.97695	1.0	383	2	0.14588	0.22722	0.50504	1.0	218	6	0.14588
LOC102723582	3	0.69791	0.76096	1.0	320	0	0.25736	0.22814	0.3338	1.0	219	2	0.25736
GRB2	12	0.51029	0.88074	1.0	252	4	-0.0033586	0.2296	0.50707	1.0	220	5	-0.0033586
TEF	12	0.18163	0.63055	1.0	156	3	0.098484	0.2309	0.51197	1.0	221	6	0.098484
HNF1A	12	0.51004	0.88074	1.0	251	2	0.13977	0.23259	0.51197	1.0	222	6	0.13977
PGM1	12	0.67371	0.93606	1.0	307	3	0.059771	0.23287	0.51197	1.0	223	5	0.059771
PFDN2	9	0.073747	0.35575	1.0	116	4	-0.18977	0.23803	0.49194	1.0	224	1	-0.18977
NRBP1	12	0.41417	0.83129	1.0	218	4	0.13455	0.24571	0.52241	1.0	225	6	0.13455
PKLR	12	0.30954	0.78196	1.0	185	3	0.043729	0.24677	0.52368	1.0	226	4	0.043729
SPDEF	12	0.24342	0.72786	1.0	169	5	0.0036929	0.24721	0.52368	1.0	227	5	0.0036929
VOPP1	12	0.12683	0.52669	1.0	136	4	0.063085	0.2483	0.52368	1.0	228	6	0.063085
TADA2A	12	0.12789	0.52944	1.0	137	4	-0.00085197	0.25199	0.52667	1.0	229	5	-0.00085197
HIST1H3F	12	0.99309	0.99755	1.0	475	0	0.14344	0.25259	0.53074	1.0	230	6	0.14344
MIR100HG	12	0.44946	0.84626	1.0	232	2	0.16508	0.25389	0.5352	1.0	231	6	0.16508
FBXL8	12	0.53016	0.89051	1.0	263	3	0.12193	0.25887	0.53951	1.0	232	6	0.12193
CNOT3	12	0.68005	0.93692	1.0	309	2	0.11904	0.26142	0.55146	1.0	233	6	0.11904
CEBPA	12	0.40283	0.82678	1.0	214	4	0.1544	0.26148	0.55146	1.0	234	6	0.1544
SOD1	12	0.063474	0.39827	1.0	113	6	-0.1091	0.2631	0.55425	1.0	235	5	-0.1091
MRPL11	12	0.51771	0.88179	1.0	254	3	0.10802	0.26332	0.55725	1.0	236	6	0.10802
COX5A	12	0.97606	0.99253	1.0	453	1	0.069986	0.26936	0.5624	1.0	237	5	0.069986
RPP14	12	0.007445	0.10423	0.703833	76	7	-0.54011	0.2709	0.56531	1.0	238	3	-0.54011
BRD2	12	0.34862	0.80072	1.0	199	4	0.062655	0.27157	0.56531	1.0	239	5	0.062655
COPS3	12	0.52861	0.88929	1.0	261	2	0.096746	0.27783	0.56782	1.0	240	5	0.096746
DMTF1	12	0.0010646	0.030073	0.31456	50	9	-0.43684	0.27932	0.56966	1.0	241	1	-0.43684
BCL9L	12	0.58282	0.91022	1.0	283	1	0.097095	0.28134	0.56967	1.0	242	6	0.097095
ZIM2	12	0.41635	0.83256	1.0	221	4	0.15189	0.28418	0.57486	1.0	243	6	0.15189
GTF2H3	12	0.1163	0.51113	1.0	131	4	-0.058063	0.28921	0.57672	1.0	244	4	-0.058063
RNASEK-C17orf49	12	0.0098137	0.11088	0.715953	81	8	-0.21104	0.28993	0.57917	1.0	245	3	-0.21104
ZNF281	12	0.43116	0.84004	1.0	227	4	-0.053645	0.29861	0.58905	1.0	246	4	-0.053645
OLR1	12	0.92957	0.98775	1.0	426	2	0.12495	0.30204	0.59437	1.0	247	6	0.12495
DNAJB14	12	0.54771	0.89776	1.0	272	3	0.13812	0.30365	0.59545	1.0	248	6	0.13812
ZNF177	12	0.86803	0.97696	1.0	389	2	0.065488	0.30882	0.60067	1.0	249	5	0.065488
CLEC3B	12	0.82632	0.96958	1.0	375	1	0.059186	0.31227	0.618	1.0	250	5	0.059186
POC5	12	0.72187	0.94858	1.0	331	3	0.15797	0.31336	0.61988	1.0	251	6	0.15797
TIPARP	12	0.17253	0.60437	1.0	153	4	-0.031376	0.31422	0.61989	1.0	252	4	-0.031376
PSORS1C3	12	0.48394	0.86693	1.0	242	3	0.11289	0.31702	0.62186	1.0	253	6	0.11289
POMGNT2	12	0.49833	0.87358	1.0	247	3	0.088333	0.32276	0.62388	1.0	254	6	0.088333
APOE	12	0.36304	0.81081	1.0	203	3	0.10094	0.32564	0.62899	1.0	255	6	0.10094
GET4	12	0.069433	0.40926	1.0	114	5	-0.10238	0.32798	0.63046	1.0	256	2	-0.10238
HIST1H2BI	12	0.27073	0.74289	1.0	175	4	-0.0013783	0.32832	0.63046	1.0	257	5	-0.0013783
BCL6	12	0.66549	0.93004	1.0	301	3	0.0077473	0.33058	0.63216	1.0	258	5	0.0077473
ZBTB11	9	0.09014	0.4014	1.0	120	4	-0.21332	0.3313	0.58321	1.0	259	3	-0.21332
IQCF1	12	0.91299	0.98443	1.0	416	2	0.083143	0.33267	0.63404	1.0	260	6	0.083143
ACAT2	12	0.52952	0.89051	1.0	262	4	0.12356	0.33309	0.63404	1.0	261	6	0.12356
KIAA0895	12	0.71623	0.94761	1.0	328	3	0.054225	0.33487	0.63739	1.0	262	4	0.054225
B4GALT2	12	0.78857	0.96449	1.0	363	2	0.094028	0.33879	0.65163	1.0	263	5	0.094028
ZNF506	12	0.27668	0.74484	1.0	177	5	0.013808	0.34224	0.65505	1.0	264	4	0.013808
PPIC	12	0.75834	0.95771	1.0	348	2	0.031151	0.3436	0.65505	1.0	265	4	0.031151
CPSF4	12	0.42503	0.83845	1.0	224	4	0.081172	0.35475	0.6636	1.0	266	5	0.081172
LOC100996351	9	0.58976	0.87876	1.0	286	2	0.038395	0.3556	0.59651	1.0	267	3	0.038395
MCM3	12	0.2196	0.67689	1.0	162	5	-0.032632	0.35952	0.66361	1.0	268	5	-0.032632
EEF1DP3	6	0.90242	0.93873	1.0	408	0	-0.047334	0.35965	0.55854	1.0	269	1	-0.047334
LOC100131626	9	0.87994	0.96291	1.0	395	1	0.15001	0.35988	0.60033	1.0	270	4	0.15001
ETV4	12	0.794	0.96449	1.0	368	2	0.0033639	0.36576	0.66591	1.0	271	5	0.0033639
OSGIN1	12	0.6109	0.91847	1.0	291	3	0.069318	0.36695	0.6672	1.0	272	4	0.069318
ZNF300	12	0.16517	0.59731	1.0	151	4	-0.056337	0.37675	0.67456	1.0	273	5	-0.056337
CAPZA1	12	0.51963	0.88311	1.0	256	2	-0.0098954	0.37728	0.67456	1.0	274	3	-0.0098954
DMRTA2	12	0.68759	0.93779	1.0	315	2	0.10899	0.37972	0.67546	1.0	275	5	0.10899
MCCC2	12	0.10069	0.48031	1.0	124	5	-0.081409	0.38609	0.6773	1.0	276	4	-0.081409
LOC101930085	9	0.36942	0.74877	1.0	205	3	0.020503	0.38667	0.62563	1.0	277	4	0.020503
PHF20	12	0.51512	0.88178	1.0	253	4	0.057858	0.38834	0.68701	1.0	278	5	0.057858
RBM14	9	0.44765	0.80076	1.0	231	2	-0.078797	0.38843	0.62853	1.0	279	3	-0.078797
PPCDC	12	0.2631	0.74093	1.0	172	4	-0.024202	0.39416	0.68896	1.0	280	3	-0.024202
CTU2	12	0.99233	0.99714	1.0	473	0	0.12096	0.40126	0.69557	1.0	281	5	0.12096
HGFAC	12	0.38363	0.82096	1.0	207	4	-0.032363	0.40244	0.69557	1.0	282	4	-0.032363
ZNF394	12	0.36353	0.81081	1.0	204	4	0.13383	0.40312	0.69727	1.0	283	5	0.13383
TFDP1	12	0.39797	0.82678	1.0	211	3	0.068749	0.40345	0.69727	1.0	284	4	0.068749
FAM24B-CUZD1	12	0.46691	0.85309	1.0	235	4	0.013752	0.40478	0.69727	1.0	285	3	0.013752
KAT8	9	0.13524	0.49962	1.0	141	4	-0.16031	0.40584	0.65657	1.0	286	4	-0.16031
NR1H3	12	0.58027	0.90896	1.0	280	2	0.12853	0.41087	0.70084	1.0	287	5	0.12853
LAS1L	9	0.50747	0.84135	1.0	250	3	0.18298	0.41257	0.65658	1.0	288	4	0.18298
LOC105371789	6	0.1506	0.4612	1.0	146	3	-0.18623	0.41323	0.61155	1.0	289	1	-0.18623
ITGA2	12	0.92724	0.98774	1.0	424	1	0.06264	0.42207	0.70363	1.0	290	5	0.06264
SEC1P	12	0.99601	0.99861	1.0	481	0	0.094271	0.42414	0.70677	1.0	291	5	0.094271
TMEM214	12	0.52327	0.88454	1.0	257	3	0.05663	0.42781	0.70678	1.0	292	5	0.05663
POLE3	12	0.38953	0.8223	1.0	208	4	-0.064658	0.42898	0.70678	1.0	293	5	-0.064658
CHD7	12	0.69616	0.93952	1.0	319	3	0.14369	0.43116	0.7147	1.0	294	5	0.14369
ZC3H11A	12	0.33263	0.79755	1.0	196	4	0.082782	0.43648	0.7162	1.0	295	5	0.082782
MSI2	12	0.99103	0.99668	1.0	471	0	0.018567	0.43767	0.71621	1.0	296	5	0.018567
LSM12	12	0.2196	0.67689	1.0	161	5	-0.16538	0.43778	0.71621	1.0	297	4	-0.16538
SUSD5	12	0.044302	0.33085	1.0	106	7	-0.19033	0.43787	0.71621	1.0	298	4	-0.19033
AP2M1	12	0.23547	0.71336	1.0	166	4	-0.029488	0.44997	0.721	1.0	299	3	-0.029488
TMED2	12	0.55326	0.90226	1.0	275	4	-0.0018567	0.45757	0.72283	1.0	300	5	-0.0018567
ATF4	12	0.68914	0.93779	1.0	316	2	0.089708	0.46076	0.72586	1.0	301	4	0.089708
IGF2R	12	0.88452	0.97939	1.0	398	2	0.079167	0.46132	0.72587	1.0	302	5	0.079167
ZNF146	12	0.48996	0.87211	1.0	244	2	0.017151	0.46775	0.72724	1.0	303	5	0.017151
HIST1H2BF	12	0.32333	0.78695	1.0	192	4	0.033323	0.47181	0.73041	1.0	304	3	0.033323
HARBI1	12	0.89559	0.98076	1.0	403	2	0.088517	0.47189	0.73041	1.0	305	5	0.088517
P4HA2-AS1	12	0.85178	0.97548	1.0	380	2	-0.084712	0.47315	0.73041	1.0	306	3	-0.084712
CARM1	12	0.41615	0.83256	1.0	220	4	-0.052289	0.47555	0.73042	1.0	307	4	-0.052289
ZNF219	12	0.71135	0.9468	1.0	326	3	0.04829	0.48427	0.73322	1.0	308	5	0.04829
ZFPM1	12	0.13576	0.54405	1.0	142	6	-0.063806	0.48502	0.73463	1.0	309	4	-0.063806
TEFM	12	0.3133	0.78283	1.0	186	4	-0.020596	0.5006	0.74936	1.0	310	4	-0.020596
SETD1A	12	0.052988	0.37119	1.0	108	4	-0.070884	0.50599	0.75297	1.0	311	2	-0.070884
RPUSD4	12	0.91263	0.98443	1.0	415	2	0.093036	0.50831	0.75298	1.0	312	4	0.093036
CPSF7	12	0.86904	0.97696	1.0	390	2	0.010775	0.51463	0.75908	1.0	313	4	0.010775
DEF6	12	0.41691	0.83257	1.0	222	3	0.0041915	0.51762	0.76392	1.0	314	5	0.0041915
PGAP3	12	0.4613	0.84968	1.0	234	2	-0.030266	0.52281	0.77185	1.0	315	4	-0.030266
OR52B2	12	0.31568	0.78284	1.0	189	4	0.064249	0.52512	0.77408	1.0	316	5	0.064249
MEIKIN	12	0.48673	0.87073	1.0	243	4	-0.068988	0.52617	0.77648	1.0	317	4	-0.068988
HHEX	12	0.16495	0.59731	1.0	150	4	0.0087702	0.52645	0.77649	1.0	318	4	0.0087702
TSPYL4	12	0.95941	0.99018	1.0	439	1	0.062951	0.52917	0.77742	1.0	319	4	0.062951
SLC4A1AP	12	0.11342	0.50697	1.0	129	4	0.023748	0.53387	0.78335	1.0	320	4	0.023748
CCDC43	12	0.56394	0.90343	1.0	278	3	0.094282	0.53574	0.78336	1.0	321	3	0.094282
GID4	12	0.99139	0.99681	1.0	472	0	0.093894	0.53666	0.78336	1.0	322	5	0.093894
PPP1R10	12	0.00070397	0.020928	0.228033	48	8	-0.52186	0.53837	0.78879	1.0	323	2	-0.52186
ABCA1	12	0.095442	0.47656	1.0	122	5	-0.053231	0.53858	0.78879	1.0	324	3	-0.053231
PIGS	12	0.87324	0.97744	1.0	393	2	0.062369	0.53891	0.78879	1.0	325	5	0.062369
NXF5	12	0.09744	0.4784	1.0	123	5	-0.027209	0.54001	0.7888	1.0	326	4	-0.027209
COPS2	12	0.99579	0.99851	1.0	480	0	0.012767	0.54286	0.79108	1.0	327	4	0.012767
SCX	12	0.91155	0.98443	1.0	413	1	0.10982	0.54544	0.79338	1.0	328	5	0.10982
SIX5	12	0.29393	0.77348	1.0	180	4	-0.024705	0.54589	0.79338	1.0	329	3	-0.024705
MID1	12	0.68719	0.93779	1.0	314	3	0.054243	0.54836	0.79339	1.0	330	5	0.054243
TGIF1	12	0.96202	0.99043	1.0	441	1	0.037724	0.55105	0.79731	1.0	331	5	0.037724
CABIN1	12	0.74153	0.95201	1.0	340	2	0.09613	0.5515	0.79731	1.0	332	5	0.09613
TRAPPC2L	12	0.95921	0.99018	1.0	438	1	0.036456	0.55265	0.79893	1.0	333	4	0.036456
HERPUD2	12	0.70558	0.94229	1.0	323	3	0.12197	0.56267	0.80924	1.0	334	5	0.12197
KMT2A	12	0.32909	0.794	1.0	194	4	0.062109	0.56623	0.80925	1.0	335	5	0.062109
USP32P2	12	0.4474	0.84454	1.0	230	2	0.17461	0.56667	0.81053	1.0	336	5	0.17461
USF2	12	0.10247	0.49432	1.0	125	5	-0.034328	0.57012	0.8156	1.0	337	3	-0.034328
SLC29A2	12	0.66775	0.9343	1.0	303	2	-0.0023648	0.58175	0.8206	1.0	338	3	-0.0023648
CHAF1B	12	0.52569	0.88616	1.0	258	4	0.044294	0.58426	0.8206	1.0	339	4	0.044294
WFDC1	12	0.69552	0.93952	1.0	318	3	0.089642	0.58627	0.82265	1.0	340	4	0.089642
EWSR1	12	0.54746	0.89776	1.0	271	3	-0.14001	0.58895	0.82421	1.0	341	2	-0.14001
GAPDH	12	0.92987	0.98775	1.0	427	2	0.03739	0.59012	0.82506	1.0	342	4	0.03739
TOP1	12	0.079074	0.42118	1.0	117	5	-0.059594	0.5942	0.82506	1.0	343	3	-0.059594
EHD2	12	0.94161	0.98935	1.0	432	1	0.09922	0.59903	0.82507	1.0	344	4	0.09922
EXOC8	12	0.0054957	0.08676	0.639094	70	8	-0.42732	0.60588	0.82749	1.0	345	2	-0.42732
POLR2L	9	0.00019035	0.0066723	0.099093	37	5	-0.80379	0.61058	0.79714	1.0	346	3	-0.80379
ASB16-AS1	12	0.41541	0.8313	1.0	219	4	-0.11012	0.61137	0.83216	1.0	347	4	-0.11012
RHOB	12	0.64318	0.92529	1.0	297	3	0.039986	0.61252	0.83216	1.0	348	4	0.039986
GPN2	6	0.39554	0.70042	1.0	210	2	-0.16156	0.6132	0.73791	1.0	349	1	-0.16156
AXIN1	12	0.32798	0.7925	1.0	193	4	-0.033607	0.61671	0.83341	1.0	350	4	-0.033607
BACH1	12	0.40232	0.82678	1.0	212	3	-0.051585	0.61767	0.83341	1.0	351	3	-0.051585
STX4	12	0.31354	0.78283	1.0	187	5	-0.12516	0.62086	0.83826	1.0	352	3	-0.12516
HTRA1	12	0.17607	0.60736	1.0	154	5	-0.041654	0.62933	0.84026	1.0	353	4	-0.041654
SUMO2	12	0.16263	0.5973	1.0	148	5	-0.031178	0.6533	0.85592	1.0	354	4	-0.031178
ARPC4	12	0.31477	0.78284	1.0	188	3	0.098502	0.65942	0.86003	1.0	355	4	0.098502
LIN52	12	0.35243	0.80204	1.0	200	3	0.0061097	0.67647	0.86452	1.0	356	4	0.0061097
DNLZ	12	0.11855	0.51548	1.0	133	6	-0.19332	0.67782	0.86452	1.0	357	3	-0.19332
DMPK	12	0.33246	0.79755	1.0	195	4	-0.083958	0.67838	0.86452	1.0	358	2	-0.083958
TIGD5	12	0.44674	0.84454	1.0	228	4	-0.066669	0.68038	0.86452	1.0	359	4	-0.066669
GAGE12B	6	0.71207	0.86712	1.0	327	1	0.086452	0.6822	0.77648	1.0	360	2	0.086452
GOSR2	12	0.22745	0.70335	1.0	164	4	0.12547	0.68462	0.86688	1.0	361	4	0.12547
PARP3	12	0.16694	0.59908	1.0	152	5	-0.10291	0.6867	0.86989	1.0	362	4	-0.10291
CSK	12	0.39396	0.82399	1.0	209	4	0.06696	0.68742	0.8699	1.0	363	4	0.06696
HIST1H2BG	12	0.44677	0.84454	1.0	229	3	-0.036243	0.68823	0.8699	1.0	364	4	-0.036243
PIAS1	12	0.34215	0.79853	1.0	197	3	0.080748	0.68888	0.8699	1.0	365	3	0.080748
UVRAG	12	0.00019805	0.0082674	0.113785	38	9	-0.47055	0.69081	0.87246	1.0	366	2	-0.47055
LYL1	12	0.88429	0.97939	1.0	397	2	0.026961	0.69146	0.87246	1.0	367	3	0.026961
LINC01602	3	0.47988	0.62074	1.0	240	1	-0.18869	0.69172	0.65657	1.0	368	1	-0.18869
ARID4B	12	0.61811	0.92123	1.0	292	2	0.053282	0.69467	0.87353	1.0	369	4	0.053282
PHB2	6	0.021394	0.14796	0.869448	99	4	-0.5755	0.69583	0.79233	1.0	370	2	-0.5755
DENND4C	12	0.41146	0.82679	1.0	217	4	-0.03699	0.69848	0.87354	1.0	371	3	-0.03699
C9orf163	12	0.0032854	0.057773	0.479604	62	7	-0.31679	0.71577	0.88546	1.0	372	4	-0.31679
FAM20A	12	0.68236	0.93778	1.0	312	2	-0.046793	0.72145	0.88846	1.0	373	2	-0.046793
ZC3H18	12	0.18896	0.63472	1.0	157	5	-0.13268	0.7278	0.89174	1.0	374	2	-0.13268
HIST1H2BH	12	0.49282	0.87357	1.0	246	4	-0.060025	0.72825	0.89174	1.0	375	4	-0.060025
TNFRSF4	12	0.81333	0.96733	1.0	371	2	0.016411	0.73215	0.89505	1.0	376	3	0.016411
HIST1H2BC	12	0.40887	0.82679	1.0	215	2	0.056701	0.73271	0.89505	1.0	377	4	0.056701
KLHDC3	12	0.72823	0.95007	1.0	334	3	0.019062	0.73444	0.89605	1.0	378	4	0.019062
ACTR3	12	0.70833	0.94324	1.0	324	2	0.074	0.73695	0.89743	1.0	379	4	0.074
EGLN2	12	0.59075	0.9119	1.0	287	3	-0.015606	0.74151	0.90042	1.0	380	4	-0.015606
TNFRSF8	12	0.54428	0.89776	1.0	269	4	0.03354	0.7444	0.90164	1.0	381	4	0.03354
TUT1	6	0.62996	0.84969	1.0	295	1	-0.13443	0.74806	0.82706	1.0	382	2	-0.13443
UBA2	12	0.21469	0.66804	1.0	160	5	-0.21751	0.75011	0.90281	1.0	383	4	-0.21751
ADAP1	12	0.76368	0.96112	1.0	352	3	0.077575	0.75368	0.90282	1.0	384	4	0.077575
ZNF131	9	0.079166	0.384	1.0	118	5	-0.24116	0.75542	0.87429	1.0	385	1	-0.24116
ZKSCAN8	12	0.3196	0.78502	1.0	191	5	-0.11196	0.7612	0.90465	1.0	386	3	-0.11196
RXRB	12	0.91209	0.98443	1.0	414	2	0.092488	0.76274	0.90526	1.0	387	4	0.092488
SPI1	12	0.48185	0.86693	1.0	241	4	-0.068536	0.76584	0.90527	1.0	388	4	-0.068536
IRF2BP2	12	0.5343	0.89052	1.0	264	4	0.012328	0.77501	0.91142	1.0	389	3	0.012328
CYB5D1	12	0.47132	0.86052	1.0	236	4	0.027188	0.78765	0.9161	1.0	390	3	0.027188
TRIM38	12	0.52761	0.88777	1.0	260	4	-0.046708	0.78857	0.91685	1.0	391	3	-0.046708
EXOC7	12	0.0023436	0.048252	0.427725	58	9	-0.3085	0.7893	0.91685	1.0	392	2	-0.3085
TRPM4	12	0.61931	0.92123	1.0	293	2	-0.075433	0.80069	0.91941	1.0	393	3	-0.075433
MED20	12	0.35732	0.80934	1.0	202	4	-0.087372	0.80578	0.91941	1.0	394	2	-0.087372
ZNF207	9	0.11072	0.45746	1.0	128	5	-0.19539	0.80961	0.89569	1.0	395	2	-0.19539
ISX-AS1	12	0.24066	0.72432	1.0	167	5	-0.084343	0.81218	0.92107	1.0	396	2	-0.084343
ATP13A1	12	0.77045	0.96113	1.0	355	3	0.0059952	0.81328	0.92107	1.0	397	3	0.0059952
ZNF833P	12	0.24106	0.72628	1.0	168	5	-0.13496	0.82373	0.92528	1.0	398	2	-0.13496
FARSB	9	0.0058044	0.072177	0.57195	72	6	-0.35148	0.83413	0.90682	1.0	399	2	-0.35148
MCM5	12	0.11582	0.51113	1.0	130	6	-0.24133	0.8414	0.93472	1.0	400	2	-0.24133
H1F0	12	0.014799	0.1733	0.974567	91	5	-0.15812	0.84157	0.93472	1.0	401	3	-0.15812
SETDB1	12	0.013331	0.13866	0.824099	88	7	-0.32469	0.84226	0.93472	1.0	402	3	-0.32469
SPPL3	12	0.18084	0.63055	1.0	155	4	-0.037772	0.84573	0.93529	1.0	403	3	-0.037772
KDM6A	12	0.015541	0.17578	0.978034	92	6	-0.18326	0.85011	0.93666	1.0	404	3	-0.18326
WWP1	12	0.35621	0.80625	1.0	201	3	0.015011	0.85521	0.94012	1.0	405	2	0.015011
STT3A	9	0.00032232	0.0089014	0.116386	44	5	-0.62959	0.85726	0.91374	1.0	406	2	-0.62959
TBC1D29	12	0.035717	0.29925	1.0	103	6	-0.1966	0.86031	0.94384	1.0	407	2	-0.1966
LOC100506990	9	0.017042	0.16246	0.94407	95	6	-0.33904	0.86089	0.91505	1.0	408	1	-0.33904
XBP1	12	5.1881e-05	0.0029473	0.053153	29	9	-0.50359	0.86239	0.94439	1.0	409	2	-0.50359
STAM	12	0.15578	0.5898	1.0	147	5	-0.0063385	0.86877	0.9444	1.0	410	3	-0.0063385
GMPPB	12	0.0015738	0.035343	0.342305	54	8	-0.31131	0.87505	0.94685	1.0	411	2	-0.31131
BPTF	12	0.16267	0.5973	1.0	149	4	-0.079523	0.87533	0.94685	1.0	412	2	-0.079523
SMARCA5	12	0.0081753	0.10497	0.703833	78	8	-0.28112	0.87843	0.94767	1.0	413	3	-0.28112
INTS1	12	0.02096	0.20218	1.0	98	7	-0.36196	0.87992	0.94767	1.0	414	2	-0.36196
HIST1H2BK	12	0.27048	0.74289	1.0	174	5	-0.12519	0.87998	0.94767	1.0	415	3	-0.12519
INSIG2	12	0.017081	0.19445	1.0	96	7	-0.51119	0.88016	0.94768	1.0	416	3	-0.51119
SURF4	12	0.0096471	0.11087	0.715953	80	8	-0.27918	0.88406	0.94849	1.0	417	2	-0.27918
FRYL	12	0.70308	0.94063	1.0	322	3	-0.052456	0.88654	0.94996	1.0	418	2	-0.052456
HOXD13	12	0.76833	0.96113	1.0	354	3	-0.11212	0.88708	0.94996	1.0	419	3	-0.11212
ZFP36L2	12	0.34503	0.80071	1.0	198	4	-0.078951	0.89281	0.95337	1.0	420	2	-0.078951
CAB39	12	0.0018504	0.043506	0.406319	55	9	-0.55304	0.89781	0.95563	1.0	421	2	-0.55304
A1BG-AS1	12	0.1188	0.51548	1.0	134	6	-0.18108	0.89804	0.95563	1.0	422	1	-0.18108
AGPAT4	12	0.12566	0.52123	1.0	135	6	-0.16911	0.9061	0.96033	1.0	423	1	-0.16911
YY1	12	0.0086039	0.10762	0.712501	79	8	-0.36325	0.90696	0.96075	1.0	424	1	-0.36325
LRPAP1	12	0.47451	0.86405	1.0	237	3	-0.027196	0.90791	0.96075	1.0	425	2	-0.027196
RFX1	12	0.026337	0.26752	1.0	101	6	-0.29866	0.91118	0.96076	1.0	426	2	-0.29866
OTX1	12	0.015952	0.18502	1.0	93	7	-0.23163	0.91729	0.96315	1.0	427	1	-0.23163
INTS12	12	0.016908	0.19154	1.0	94	7	-0.24779	0.91771	0.96315	1.0	428	2	-0.24779
HNF4A	12	0.13116	0.53709	1.0	138	6	-0.20038	0.92086	0.96316	1.0	429	1	-0.20038
GPN1	6	0.13784	0.4561	1.0	143	2	-0.10596	0.92308	0.89699	1.0	430	1	-0.10596
GTF2E2	9	0.79224	0.9441	1.0	366	2	-0.10569	0.92443	0.94925	1.0	431	2	-0.10569
LRRC8A	12	0.055353	0.38262	1.0	109	6	-0.20688	0.92604	0.96479	1.0	432	2	-0.20688
U2AF1	9	0.052591	0.31015	1.0	107	5	-0.3768	0.92663	0.94926	1.0	433	1	-0.3768
TMEM161A	12	0.70894	0.9439	1.0	325	2	0.021147	0.92834	0.9648	1.0	434	2	0.021147
PHF23	12	0.0012033	0.031955	0.321393	52	8	-0.33477	0.93058	0.9648	1.0	435	2	-0.33477
THOP1	12	0.55674	0.90342	1.0	276	2	0.045081	0.93252	0.96574	1.0	436	2	0.045081
COPS4	12	0.084435	0.43685	1.0	119	6	-0.14773	0.93283	0.96575	1.0	437	2	-0.14773
MARVELD3	12	0.2466	0.72958	1.0	170	5	-0.13828	0.93578	0.96746	1.0	438	2	-0.13828
GPS2	12	0.0032365	0.057773	0.479604	60	8	-0.30671	0.93911	0.96885	1.0	439	2	-0.30671
ZBTB2	12	0.23362	0.70731	1.0	165	5	-0.061352	0.94189	0.96939	1.0	440	2	-0.061352
ZNF233	12	0.54001	0.89452	1.0	267	4	-0.054962	0.94741	0.9704	1.0	441	2	-0.054962
RC3H1	12	0.0044628	0.076992	0.592159	66	8	-0.30467	0.94834	0.97119	1.0	442	1	-0.30467
RPS6	6	0.042719	0.21584	1.0	104	4	-0.43247	0.94971	0.92441	1.0	443	1	-0.43247
PSMD12	12	0.54547	0.89776	1.0	270	4	0.024023	0.95054	0.97229	1.0	444	1	0.024023
EGFR	12	0.0046205	0.078736	0.596794	67	7	-0.28459	0.95138	0.97229	1.0	445	2	-0.28459
RNF113A	12	0.00010227	0.006177	0.095017	34	8	-0.5091	0.95501	0.9734	1.0	446	1	-0.5091
RN7SK	6	0.27001	0.60342	1.0	173	3	-0.077429	0.9563	0.92906	1.0	447	0	-0.077429
IRS4	12	0.69213	0.93779	1.0	317	3	-0.030841	0.95941	0.97434	1.0	448	2	-0.030841
RPS9	9	0.0050435	0.061963	0.506355	68	7	-0.308	0.96178	0.95896	1.0	449	1	-0.308
USP39	9	0.027537	0.23261	1.0	102	5	-0.23829	0.96315	0.95979	1.0	450	1	-0.23829
EXOC1	12	0.010449	0.11685	0.727517	84	7	-0.43569	0.96713	0.97851	1.0	451	1	-0.43569
ACAD11	12	0.00043043	0.016332	0.185684	46	9	-0.43305	0.96739	0.97918	1.0	452	2	-0.43305
PIK3C3	12	0.00021482	0.0085448	0.114587	39	10	-0.34509	0.9677	0.97966	1.0	453	1	-0.34509
RIC1	12	0.0011252	0.031162	0.319567	51	9	-0.43052	0.96802	0.97966	1.0	454	1	-0.43052
TMEM258	12	0.0020544	0.045845	0.413391	56	7	-0.47053	0.9685	0.97966	1.0	455	1	-0.47053
RPS25	12	0.0020696	0.045845	0.413391	57	8	-0.46955	0.96921	0.97967	1.0	456	2	-0.46955
WDR82	12	0.001523	0.034422	0.339672	53	9	-0.47288	0.97091	0.98067	1.0	457	1	-0.47288
RBM22	12	0.0067594	0.099362	0.692884	75	8	-0.25702	0.97098	0.98067	1.0	458	2	-0.25702
WDHD1	12	0.019457	0.20063	1.0	97	7	-0.36977	0.97394	0.98391	1.0	459	2	-0.36977
GTF3A	12	0.014445	0.17241	0.974567	89	6	-0.25086	0.97423	0.98415	1.0	460	2	-0.25086
ZMAT5	12	6.8003e-05	0.0031554	0.053903	30	9	-0.48949	0.97588	0.98507	1.0	461	1	-0.48949
DPAGT1	12	0.00011365	0.006821	0.099093	35	8	-0.73455	0.97613	0.98507	1.0	462	1	-0.73455
CCDC22	12	0.11825	0.51548	1.0	132	5	-0.12755	0.97758	0.98508	1.0	463	2	-0.12755
KMT2D	12	0.00051448	0.01868	0.20786	47	9	-0.43171	0.97858	0.98508	1.0	464	1	-0.43171
PPIL2	12	7.4891e-05	0.0036705	0.05999	32	10	-0.55927	0.97877	0.98508	1.0	465	1	-0.55927
STK11	12	0.0041533	0.074347	0.58035	65	8	-0.21648	0.98035	0.9863	1.0	466	1	-0.21648
EXOC3	9	0.0024591	0.039395	0.374611	59	6	-0.50716	0.98095	0.9708	1.0	467	1	-0.50716
EXOC2	12	0.071577	0.41159	1.0	115	6	-0.14331	0.98095	0.9863	1.0	468	1	-0.14331
ZNF157	12	0.058041	0.38917	1.0	111	4	-0.083745	0.98344	0.98673	1.0	469	1	-0.083745
GPN3	9	0.062579	0.32824	1.0	112	5	-0.23857	0.9861	0.97619	1.0	470	1	-0.23857
SNAPC4	12	0.0061668	0.094359	0.676024	73	8	-0.38314	0.98962	0.98843	1.0	471	1	-0.38314
KLF6	12	0.024569	0.23786	1.0	100	7	-0.27987	0.98977	0.98865	1.0	472	1	-0.27987
UBR2	12	0.00024653	0.010001	0.121641	42	9	-0.41996	0.99024	0.98899	1.0	473	1	-0.41996
WRB	12	0.0080412	0.10497	0.703833	77	7	-0.23723	0.99194	0.9893	1.0	474	1	-0.23723
YKT6	12	4.9408e-05	0.0028483	0.053153	28	8	-0.69608	0.99202	0.9893	1.0	475	1	-0.69608
GDI2	12	0.010599	0.12042	0.740963	85	7	-0.22131	0.99273	0.99005	1.0	476	1	-0.22131
FNDC3B	12	1.0689e-05	0.00097584	0.019629	25	9	-0.62811	0.9942	0.99061	1.0	477	1	-0.62811
CCDC115	12	0.0039569	0.070582	0.567916	64	8	-0.35531	0.99445	0.99091	1.0	478	1	-0.35531
PRDM10	12	3.423e-08	4.9535e-06	0.000144	16	10	-0.57829	0.99487	0.99152	1.0	479	1	-0.57829
MSTO1	12	0.0001301	0.0071776	0.101456	36	10	-0.29429	0.99637	0.99249	1.0	480	1	-0.29429
MIER3	12	0.056122	0.38581	1.0	110	6	-0.15938	0.99643	0.99249	1.0	481	1	-0.15938
GTF2F2	9	0.13425	0.49961	1.0	140	4	-0.16557	0.99717	0.99387	1.0	482	0	-0.16557
FAM134C	12	0.10692	0.50696	1.0	126	6	-0.1702	0.99718	0.99431	1.0	483	1	-0.1702
ZNF830	12	0.0050988	0.084274	0.629645	69	8	-0.37233	0.99725	0.99431	1.0	484	1	-0.37233
SCAP	12	3.0896e-15	4.9535e-06	0.000144	3	11	-1.5565	0.99753	0.99432	1.0	485	1	-1.5565
FARSA	9	0.0032506	0.049114	0.428109	61	7	-0.4981	0.9979	0.99462	1.0	486	0	-0.4981
CDKN2A-AS1	12	0.011959	0.13222	0.804103	86	8	-0.18387	0.99807	0.995	1.0	487	0	-0.18387
AP5Z1	12	0.010018	0.1148	0.72336	83	7	-0.28264	0.99809	0.995	1.0	488	0	-0.28264
EIF5A	12	0.0099486	0.1148	0.72336	82	8	-0.44098	0.99824	0.99572	1.0	489	0	-0.44098
SLC39A7	12	1.1697e-08	4.9535e-06	0.000144	13	11	-0.94971	0.99832	0.99573	1.0	490	0	-0.94971
OST4	12	0.00098257	0.029785	0.31456	49	9	-0.33402	0.99878	0.9974	1.0	491	0	-0.33402
TRAPPC1	12	0.00038817	0.015133	0.175878	45	9	-0.38955	0.99882	0.99741	1.0	492	0	-0.38955
CDK5RAP3	12	1.3264e-06	0.0001486	0.003701	21	10	-0.85482	0.99892	0.99757	1.0	493	0	-0.85482
RDH14	12	0.21226	0.66803	1.0	159	5	-0.061455	0.99899	0.99758	1.0	494	0	-0.061455
RBM10	12	0.00023586	0.0096742	0.121641	40	10	-0.55022	0.99925	0.99806	1.0	495	0	-0.55022
USP24	12	8.8787e-07	0.00010402	0.00272	20	10	-0.65207	0.99969	0.99896	1.0	496	0	-0.65207
SRCAP	12	0.0032917	0.057773	0.479604	63	7	-0.4141	0.99971	0.99903	1.0	497	0	-0.4141
GTF2A2	12	0.00030719	0.014013	0.166569	43	9	-0.35541	0.99974	0.99911	1.0	498	0	-0.35541
PREB	12	6.9739e-05	0.003195	0.053903	31	10	-0.6764	0.99988	0.9995	1.0	499	0	-0.6764
FOSL1	12	7.743e-06	0.00079751	0.018135	23	10	-0.47764	0.99989	0.99953	1.0	500	0	-0.47764
WRAP53	12	0.012766	0.13706	0.823924	87	8	-0.1774	0.99989	0.99953	1.0	501	0	-0.1774
PRMT1	12	9.337e-05	0.0056123	0.088946	33	9	-0.60802	0.99995	0.99982	1.0	502	0	-0.60802
RABIF	12	9.7522e-06	0.0009263	0.019629	24	9	-0.59628	0.99995	0.99983	1.0	503	0	-0.59628
HYOU1	12	0.00023699	0.009803	0.121641	41	10	-0.86376	0.99996	0.99983	1.0	504	0	-0.86376
RAB10	12	4.6471e-08	4.9535e-06	0.000144	18	11	-0.90883	0.99998	0.99991	1.0	505	0	-0.90883
SREBF2	12	1.1125e-05	0.00097584	0.019629	26	11	-0.58315	0.99998	0.99994	1.0	506	0	-0.58315
UXT	12	3.8519e-06	0.00055974	0.013307	22	11	-0.65465	0.99999	0.99995	1.0	507	0	-0.65465
GNB2L1	12	6.684e-07	7.4302e-05	0.002045	19	11	-1.0873	1.0	0.99998	1.0	508	0	-1.0873
MBTPS2	12	3.8898e-11	4.9535e-06	0.000144	8	11	-1.0018	1.0	0.99999	1.0	509	0	-1.0018
ATP11A	12	1.3268e-10	4.9535e-06	0.000144	9	11	-0.94497	1.0	1.0	1.0	510	0	-0.94497
ZNF652	12	2.4145e-08	4.9535e-06	0.000144	14	12	-0.6197	1.0	1.0	1.0	511	0	-0.6197
NUDC	12	2.1729e-10	4.9535e-06	0.000144	10	12	-1.0152	1.0	1.0	1.0	512	0	-1.0152
WDR7	12	3.6363e-10	4.9535e-06	0.000144	11	12	-1.4088	1.0	1.0	1.0	513	0	-1.4088
MESDC2	12	3.7372e-08	4.9535e-06	0.000144	17	12	-0.40505	1.0	1.0	1.0	514	0	-0.40505
EIF4A1	9	3.1824e-08	4.9535e-06	0.000144	15	9	-0.86891	1.0	1.0	1.0	515	0	-0.86891
EIF3G	9	4.3436e-09	4.9535e-06	0.000144	12	9	-0.94079	1.0	1.0	1.0	516	0	-0.94079
VHL	12	4.8096e-12	4.9535e-06	0.000144	5	12	-1.0555	1.0	1.0	1.0	517	0	-1.0555
TP53	12	2.36e-11	4.9535e-06	0.000144	7	12	-0.60744	1.0	1.0	1.0	518	0	-0.60744
MBTPS1	12	2.1575e-11	4.9535e-06	0.000144	6	12	-0.99046	1.0	1.0	1.0	519	0	-0.99046
ARID3A	12	1.3367e-13	4.9535e-06	0.000144	4	12	-1.4039	1.0	1.0	1.0	520	0	-1.4039
LDLR	12	2.4959e-21	4.9535e-06	0.000144	2	12	-2.0027	1.0	1.0	1.0	521	0	-2.0027
SCARB1	12	6.7594e-22	4.9535e-06	0.000144	1	12	-1.908	1.0	1.0	1.0	522	0	-1.908
