id	num	neg|score	neg|p-value	neg|fdr	neg|rank	neg|goodsgrna	neg|lfc	pos|score	pos|p-value	pos|fdr	pos|rank	pos|goodsgrna	pos|lfc
CDH1	12	1.0	1.0	1.0	522	0	1.4025	3.2382e-27	4.9535e-06	9.3e-05	1	12	1.4025
DRAP1	12	1.0	1.0	1.0	521	0	1.0623	2.0598e-12	4.9535e-06	9.3e-05	2	12	1.0623
DR1	12	0.99967	1.0	1.0	507	0	0.82167	3.9441e-10	4.9535e-06	9.3e-05	3	11	0.82167
STRAP	12	0.99929	0.99999	1.0	505	0	0.8605	3.9617e-10	4.9535e-06	9.3e-05	4	10	0.8605
AGBL2	12	1.0	1.0	1.0	520	0	0.61824	1.2586e-09	4.9535e-06	9.3e-05	5	12	0.61824
ARID1A	12	0.99996	1.0	1.0	515	0	0.87622	5.8079e-09	4.9535e-06	9.3e-05	6	12	0.87622
PDCD10	12	0.99996	1.0	1.0	514	0	0.98589	7.5112e-09	4.9535e-06	9.3e-05	7	12	0.98589
CCT6B	12	0.99775	0.99985	1.0	498	0	0.73521	1.4293e-08	4.9535e-06	9.3e-05	8	11	0.73521
SMAD7	12	0.99991	1.0	1.0	512	0	0.50774	1.7655e-07	4.9535e-06	9.3e-05	9	11	0.50774
ALG2	12	1.0	1.0	1.0	519	0	0.51352	3.8115e-07	4.9535e-06	9.3e-05	10	12	0.51352
EIF4A1	9	0.99998	1.0	1.0	516	0	0.7434	1.0072e-06	4.9535e-06	9.3e-05	11	9	0.7434
MPDU1	12	0.99437	0.99944	1.0	488	0	0.55831	1.1424e-06	4.9535e-06	9.3e-05	12	10	0.55831
ONECUT1	12	0.99899	0.99996	1.0	502	0	0.53498	1.665e-06	4.9535e-06	9.3e-05	13	11	0.53498
ZC3H4	12	0.99327	0.99918	1.0	484	0	0.67303	2.0979e-06	4.9535e-06	9.3e-05	14	10	0.67303
TEF	12	1.0	1.0	1.0	518	0	0.7001	3.7686e-06	4.9535e-06	9.3e-05	15	12	0.7001
CERS6	12	0.99482	0.99956	1.0	489	0	0.63085	5.7364e-06	4.9535e-06	9.3e-05	16	9	0.63085
NAA38	12	0.99999	1.0	1.0	517	0	0.70975	8.5171e-06	4.9535e-06	9.3e-05	17	12	0.70975
MYLIP	12	0.99968	1.0	1.0	508	0	0.5661	1.6272e-05	4.9535e-06	9.3e-05	18	11	0.5661
PRDM10	12	0.24656	0.75385	1.0	166	1	0.51827	1.6717e-05	4.9535e-06	9.3e-05	19	11	0.51827
WDR18	12	0.9991	0.99997	1.0	503	0	0.64993	1.7254e-05	4.9535e-06	9.3e-05	20	10	0.64993
NDUFS3	9	0.94313	0.987	1.0	425	0	0.81106	1.7679e-05	4.9535e-06	9.3e-05	21	8	0.81106
CCDC93	9	0.96012	0.98958	1.0	439	0	0.81422	2.0022e-05	4.9535e-06	9.3e-05	22	8	0.81422
AGPAT4	12	0.99972	1.0	1.0	509	0	0.61764	2.8456e-05	4.9535e-06	9.3e-05	23	11	0.61764
GPAA1	12	0.98683	0.99772	1.0	476	0	0.52088	3.0736e-05	4.9535e-06	9.3e-05	24	11	0.52088
MRPL33	12	0.99992	1.0	1.0	513	0	0.64459	5.9289e-05	4.9535e-06	9.3e-05	25	12	0.64459
MBNL1	12	0.72551	0.94766	1.0	347	1	0.57501	6.2894e-05	4.9535e-06	9.3e-05	26	11	0.57501
DNLZ	12	0.86757	0.97755	1.0	402	1	0.56369	9.4659e-05	4.9535e-06	9.3e-05	27	10	0.56369
RBM14	9	0.95365	0.98843	1.0	433	0	0.89307	0.00011375	1.486e-05	0.000251	28	7	0.89307
EBP	12	0.92851	0.98242	1.0	416	1	0.38043	0.00012076	4.9535e-06	9.3e-05	29	10	0.38043
KAT7	12	0.94063	0.98535	1.0	423	1	0.53715	0.0001436	1.486e-05	0.000251	30	11	0.53715
CHD7	12	0.99832	0.9999	1.0	500	0	0.6165	0.00016006	1.486e-05	0.000251	31	11	0.6165
CCDC22	12	0.98348	0.99733	1.0	469	0	0.588	0.00026735	4.4581e-05	0.000729	32	11	0.588
WDR82	12	0.99985	1.0	1.0	510	0	0.59328	0.00037836	8.4209e-05	0.001335	33	11	0.59328
HNF1A	12	0.76672	0.95708	1.0	365	1	0.58594	0.00041792	9.4116e-05	0.001448	34	10	0.58594
RPUSD4	12	0.99966	1.0	1.0	506	0	0.4459	0.00057308	0.00013374	0.001999	35	11	0.4459
IBA57	12	0.99765	0.99985	1.0	496	0	0.42758	0.00059776	0.00014365	0.002087	36	9	0.42758
CCDC101	12	0.85398	0.97632	1.0	395	1	0.30856	0.00063784	0.00015356	0.002171	37	11	0.30856
SP5	12	0.99678	0.99971	1.0	494	0	0.27348	0.00078888	0.00020309	0.002785	38	10	0.27348
SOX12	12	0.76322	0.95523	1.0	362	1	0.53171	0.00082693	0.000213	0.002785	39	11	0.53171
PEX6	12	0.99927	0.99999	1.0	504	0	0.42347	0.0008384	0.000213	0.002785	40	10	0.42347
IRF2BP2	12	0.97983	0.99682	1.0	461	0	0.34226	0.00089508	0.00023281	0.002899	41	10	0.34226
LRPPRC	12	0.95747	0.98722	1.0	435	1	0.40908	0.0009692	0.00023281	0.002899	42	9	0.40908
MGAT1	12	0.99985	1.0	1.0	511	0	0.35069	0.0011036	0.00027244	0.003314	43	10	0.35069
ARPC5L	12	0.67931	0.94408	1.0	329	2	0.41668	0.0013744	0.00032198	0.003827	44	9	0.41668
OTX2	12	0.9855	0.99771	1.0	472	0	0.38877	0.0016694	0.00046067	0.00535	45	10	0.38877
SIX4	12	0.88437	0.97931	1.0	405	1	0.38285	0.0017696	0.00047058	0.00535	46	9	0.38285
MTF1	12	0.81449	0.96442	1.0	377	2	0.44811	0.0019848	0.0005003	0.005567	47	8	0.44811
RN7SK	6	0.99743	0.99975	1.0	495	0	0.42451	0.0025655	0.00079751	0.00869	48	6	0.42451
ETV4	12	0.96448	0.98871	1.0	444	1	0.3277	0.0030006	0.00081733	0.008724	49	9	0.3277
BARX1	12	0.99117	0.99858	1.0	481	0	0.3449	0.0037168	0.0011145	0.011658	50	10	0.3449
SALL2	12	0.71093	0.94488	1.0	343	2	0.46071	0.0042959	0.0013226	0.013563	51	7	0.46071
ZFP36L1	12	0.85038	0.97593	1.0	393	1	0.38249	0.0046135	0.0013919	0.014	52	9	0.38249
TAF8	12	0.58526	0.91673	1.0	303	3	0.29234	0.0049746	0.0015504	0.015112	53	8	0.29234
PMFBP1	12	0.54222	0.90735	1.0	290	1	0.60481	0.0052351	0.0015603	0.015112	54	8	0.60481
RPS6	6	0.76562	0.87663	1.0	363	1	0.72175	0.0052355	0.0030761	0.022371	55	5	0.72175
TNFRSF8	12	0.93283	0.98243	1.0	419	1	0.33489	0.0054093	0.0015901	0.01512	56	10	0.33489
CAMKK2	9	0.94008	0.98422	1.0	422	0	0.31504	0.00586	0.0020359	0.018047	57	8	0.31504
CCDC115	12	0.94196	0.98536	1.0	424	1	0.55782	0.0060883	0.0018972	0.017375	58	10	0.55782
FRY	12	0.98249	0.99683	1.0	466	0	0.36857	0.0063035	0.0019269	0.017375	59	9	0.36857
C21orf59	12	0.36992	0.8514	1.0	220	2	0.38934	0.0063376	0.0019269	0.017375	60	8	0.38934
RALGAPB	12	0.75097	0.95441	1.0	357	2	0.43263	0.007292	0.002551	0.021144	61	10	0.43263
POLE3	12	0.97484	0.99513	1.0	454	0	0.40964	0.0073391	0.002561	0.021144	62	8	0.40964
RC3H1	12	0.99386	0.9993	1.0	485	0	0.29491	0.0074037	0.0025709	0.021144	63	10	0.29491
AGPAT6	12	0.98471	0.99771	1.0	471	0	0.36081	0.0079888	0.0026204	0.021144	64	8	0.36081
NFYA	12	0.80625	0.96268	1.0	376	2	0.25088	0.0080591	0.0026699	0.021144	65	5	0.25088
CDKN2A-AS1	12	0.98992	0.9983	1.0	477	0	0.25748	0.0080811	0.0026798	0.021144	66	10	0.25748
PIGS	12	0.9981	0.99988	1.0	499	0	0.34106	0.0082031	0.0026897	0.021144	67	10	0.34106
TFRC	12	0.89851	0.98055	1.0	409	1	0.34317	0.008304	0.0027393	0.021144	68	9	0.34317
TADA2A	12	0.9523	0.98675	1.0	431	1	0.32066	0.0083519	0.0027492	0.021144	69	8	0.32066
STK40	12	0.99002	0.9983	1.0	478	0	0.29079	0.0086314	0.0028483	0.021589	70	9	0.29079
USP22	12	0.98183	0.99683	1.0	464	0	0.27137	0.0091965	0.0031157	0.022371	71	9	0.27137
CCNI2	12	0.99301	0.99917	1.0	483	0	0.25339	0.0093278	0.0031554	0.022371	72	9	0.25339
YTHDC1	12	0.4828	0.89131	1.0	268	2	0.61324	0.0097145	0.0031653	0.022371	73	8	0.61324
CCS	12	0.97451	0.99496	1.0	452	0	0.32499	0.0097614	0.0031653	0.022371	74	9	0.32499
ZBTB17	12	0.97189	0.9936	1.0	449	0	0.56225	0.011762	0.0040173	0.028014	75	9	0.56225
DDX28	12	0.52543	0.90209	1.0	283	2	0.17158	0.012122	0.004255	0.029281	76	7	0.17158
LRRC8A	12	0.71852	0.94658	1.0	345	1	0.26351	0.012651	0.0047999	0.032317	77	9	0.26351
MLXIPL	12	0.73682	0.95035	1.0	351	2	0.29761	0.013306	0.0048197	0.032317	78	9	0.29761
SNX19	12	0.67231	0.94294	1.0	326	2	0.29435	0.013624	0.0049287	0.032629	79	9	0.29435
USP39	9	0.67576	0.90501	1.0	328	2	0.03659	0.014128	0.0067417	0.041969	80	3	0.03659
ZNF410	12	0.98558	0.99771	1.0	473	0	0.29908	0.015307	0.0064445	0.041969	81	9	0.29908
BCL9L	12	0.92049	0.98191	1.0	412	1	0.24919	0.016868	0.006821	0.041969	82	9	0.24919
KDM6A	12	0.53174	0.90417	1.0	285	3	0.36502	0.016898	0.006821	0.041969	83	8	0.36502
USP32P2	12	0.64236	0.93739	1.0	319	2	0.38722	0.016913	0.006821	0.041969	84	7	0.38722
CEBPA	12	0.55044	0.9087	1.0	293	2	0.27469	0.017132	0.006821	0.041969	85	9	0.27469
IRS4	12	0.3606	0.85139	1.0	217	4	0.35731	0.017391	0.0070587	0.042927	86	7	0.35731
PSMD12	12	0.79507	0.96198	1.0	372	2	0.50578	0.01827	0.0072668	0.043684	87	9	0.50578
MCM3	12	0.68661	0.94487	1.0	333	2	0.42837	0.019508	0.0080296	0.047721	88	8	0.42837
RFX7	12	0.54068	0.90734	1.0	288	3	0.31044	0.021652	0.0092977	0.054606	89	7	0.31044
FADS2	12	0.69146	0.94487	1.0	334	2	0.31245	0.022167	0.0093968	0.054606	90	8	0.31245
MCM5	12	0.29112	0.80223	1.0	182	4	0.04404	0.02698	0.011913	0.067603	91	5	0.04404
SOD1	12	0.93803	0.98461	1.0	420	1	0.37654	0.027186	0.011913	0.067603	92	8	0.37654
COPS4	12	0.3114	0.81769	1.0	187	4	0.033203	0.027731	0.012091	0.067603	93	5	0.033203
FAM65A	12	0.97467	0.99513	1.0	453	0	0.29101	0.028169	0.01228	0.067603	94	8	0.29101
ATG4D	12	0.40502	0.85687	1.0	239	2	0.32326	0.028271	0.01228	0.067603	95	7	0.32326
KAT8	9	0.59842	0.88086	1.0	308	1	0.15349	0.02918	0.015925	0.086561	96	4	0.15349
VEZF1	12	0.9783	0.99682	1.0	458	0	0.18328	0.033324	0.016054	0.086561	97	9	0.18328
HAVCR1	12	0.5109	0.89659	1.0	279	2	0.29333	0.034837	0.018333	0.096902	98	9	0.29333
GRB2	12	0.81621	0.96442	1.0	378	1	0.36199	0.035078	0.018343	0.096902	99	7	0.36199
PHF20	12	0.06795	0.51714	1.0	93	2	0.25766	0.040259	0.023316	0.119045	100	8	0.25766
TEN1	12	0.70527	0.94488	1.0	338	2	0.27696	0.041052	0.023445	0.119045	101	8	0.27696
TAF2	9	0.39556	0.82092	1.0	234	2	0.49739	0.041983	0.02188	0.11443	102	5	0.49739
STX4	12	0.32477	0.82095	1.0	197	4	0.0047781	0.042148	0.024138	0.121388	103	5	0.0047781
EIF3G	9	0.13192	0.55114	1.0	122	2	0.2985	0.042955	0.023058	0.119045	104	6	0.2985
SUMO2	12	0.95423	0.98676	1.0	434	1	0.29448	0.045921	0.027001	0.131621	105	7	0.29448
LOC105375800	12	0.93107	0.98243	1.0	418	1	0.31736	0.046301	0.027011	0.131621	106	8	0.31736
RPS9	9	0.74618	0.92869	1.0	355	1	0.3187	0.047338	0.025902	0.129016	107	6	0.3187
POMGNT2	12	0.99299	0.99917	1.0	482	0	0.28761	0.047813	0.028488	0.134287	108	8	0.28761
TCP10	12	0.9829	0.99732	1.0	467	0	0.25403	0.047817	0.028488	0.134287	109	7	0.25403
LOC100506990	9	0.095637	0.50741	1.0	102	3	0.45083	0.048358	0.02718	0.131621	110	5	0.45083
SURF1	12	0.83351	0.97086	1.0	387	2	0.22228	0.048442	0.028844	0.134287	111	7	0.22228
CSK	12	0.9906	0.99846	1.0	479	0	0.23978	0.051094	0.029072	0.134287	112	8	0.23978
PSORS1C3	12	0.43313	0.87198	1.0	246	3	0.22763	0.051867	0.029399	0.134287	113	7	0.22763
FRYL	12	0.39443	0.85686	1.0	233	2	0.13803	0.052057	0.029528	0.134287	114	5	0.13803
FNTB	12	0.75975	0.95523	1.0	361	2	0.2567	0.052121	0.029528	0.134287	115	8	0.2567
HAPLN4	12	0.69591	0.94487	1.0	336	2	0.23746	0.05432	0.030538	0.137685	116	8	0.23746
UBA2	12	0.48177	0.89131	1.0	266	1	0.26263	0.054954	0.031063	0.138856	117	7	0.26263
MYBBP1A	12	0.99862	0.99993	1.0	501	0	0.27915	0.056292	0.031985	0.141763	118	8	0.27915
EEF1DP3	6	0.89772	0.95904	1.0	408	0	0.32898	0.056919	0.042565	0.169936	119	4	0.32898
FARSA	9	0.83095	0.94684	1.0	385	1	0.38882	0.057178	0.034719	0.152588	120	6	0.38882
IREB2	12	0.85843	0.97633	1.0	397	1	0.298	0.061771	0.035145	0.153174	121	7	0.298
APOE	12	0.28775	0.80222	1.0	181	2	0.30379	0.063369	0.03563	0.154006	122	7	0.30379
CARM1	12	0.20156	0.70565	1.0	146	4	0.094892	0.06429	0.036126	0.154867	123	5	0.094892
CHAF1B	12	0.23042	0.73886	1.0	156	2	0.23506	0.067395	0.039355	0.163397	124	8	0.23506
MRPL11	12	0.77239	0.95777	1.0	368	2	0.32951	0.068469	0.039365	0.163397	125	7	0.32951
HOXD13	12	0.9845	0.99755	1.0	470	0	0.292	0.069078	0.039365	0.163397	126	7	0.292
LOC646471	12	0.99423	0.99942	1.0	487	0	0.25652	0.069272	0.039365	0.163397	127	8	0.25652
ZNF281	12	0.69401	0.94487	1.0	335	1	0.29147	0.069805	0.03992	0.164396	128	8	0.29147
EIF5A	12	0.70908	0.94488	1.0	342	2	0.40854	0.070133	0.040346	0.164852	129	7	0.40854
STK11	12	0.9977	0.99985	1.0	497	0	0.19964	0.071577	0.041376	0.167751	130	7	0.19964
RALGAPA2	12	0.38215	0.85465	1.0	229	2	0.26297	0.072433	0.041763	0.168015	131	8	0.26297
EGFR	12	0.37972	0.85465	1.0	228	2	0.19939	0.073779	0.042991	0.170337	132	7	0.19939
TUT1	6	0.37152	0.70168	1.0	221	2	0.25297	0.076214	0.058684	0.199297	133	3	0.25297
ZNF207	9	0.020861	0.23206	1.0	62	4	-0.10595	0.077065	0.048301	0.183055	134	3	-0.10595
COPS3	12	0.37522	0.85464	1.0	225	2	0.20777	0.0787	0.045557	0.178334	135	8	0.20777
GCOM1	12	0.95219	0.98675	1.0	430	1	0.24539	0.07996	0.046023	0.178334	136	7	0.24539
VPS29	12	0.48612	0.89131	1.0	271	3	0.26043	0.080491	0.046033	0.178334	137	8	0.26043
ZNF860	12	0.32034	0.81916	1.0	194	3	0.21477	0.083141	0.046597	0.179195	138	8	0.21477
GAPDH	12	0.55674	0.9099	1.0	295	1	0.20911	0.084009	0.047677	0.182009	139	8	0.20911
IQCF1	12	0.45831	0.87903	1.0	254	2	0.25289	0.084697	0.049986	0.186732	140	8	0.25289
HIST1H2BK	12	0.96404	0.98871	1.0	443	1	0.12273	0.084702	0.049986	0.186732	141	5	0.12273
EHD2	12	0.99576	0.99965	1.0	492	0	0.19715	0.085439	0.053057	0.191406	142	6	0.19715
SLC4A1AP	12	0.37915	0.85465	1.0	227	3	0.29182	0.085817	0.053057	0.191406	143	7	0.29182
HNRNPU	12	0.026337	0.30902	1.0	66	5	0.2586	0.086926	0.053057	0.191406	144	6	0.2586
RDH14	12	0.79791	0.96198	1.0	373	2	0.23258	0.088125	0.053067	0.191406	145	7	0.23258
UQCC1	12	0.86185	0.97682	1.0	399	1	0.22782	0.089193	0.053067	0.191406	146	8	0.22782
TMEM253	12	0.86638	0.97723	1.0	401	1	0.25933	0.091173	0.053621	0.192082	147	7	0.25933
CYB5D1	12	0.99512	0.99957	1.0	490	0	0.17267	0.092831	0.054196	0.192418	148	7	0.17267
ZNF236	9	0.85273	0.94804	1.0	394	1	0.19904	0.094031	0.070047	0.219735	149	5	0.19904
RSRP1	12	0.68425	0.94487	1.0	331	2	0.17903	0.094079	0.054592	0.192418	150	8	0.17903
FAM110D	12	0.87972	0.97861	1.0	403	1	0.22283	0.094362	0.055177	0.192418	151	8	0.22283
RABIF	12	0.23574	0.7497	1.0	159	3	0.02441	0.094553	0.055187	0.192418	152	6	0.02441
RTEL1	9	0.52891	0.8578	1.0	284	1	0.32328	0.094685	0.070057	0.219735	153	6	0.32328
PHF23	12	0.60347	0.9266	1.0	310	2	0.13661	0.095424	0.055791	0.193237	154	6	0.13661
IGF2R	12	0.15457	0.67524	1.0	129	3	0.23672	0.096952	0.057069	0.196363	155	7	0.23672
FARSB	9	0.85655	0.94804	1.0	396	1	0.023284	0.097906	0.072791	0.222631	156	4	0.023284
RRBP1	12	0.93905	0.985	1.0	421	1	0.20116	0.097907	0.058565	0.199297	157	8	0.20116
SCAMP2	12	0.91956	0.9819	1.0	411	1	0.17733	0.099959	0.060299	0.202156	158	8	0.17733
HIST1H2BH	12	0.75097	0.95441	1.0	358	2	0.24186	0.10014	0.060299	0.202156	159	7	0.24186
SIX6	12	0.94676	0.98629	1.0	427	1	0.13023	0.10199	0.062885	0.206879	160	6	0.13023
CHP1	12	0.4686	0.8901	1.0	262	3	0.24585	0.10344	0.062885	0.206879	161	7	0.24585
MIR100HG	12	0.35945	0.85139	1.0	216	2	0.039093	0.10498	0.062894	0.206879	162	5	0.039093
MLLT1	12	0.94656	0.98629	1.0	426	1	0.15802	0.1066	0.064222	0.209926	163	8	0.15802
SENP3-EIF4A1	12	0.32333	0.82095	1.0	196	4	0.19971	0.10807	0.065391	0.211693	164	7	0.19971
TFDP1	12	0.12787	0.64129	1.0	120	4	-0.06255	0.10991	0.066372	0.211693	165	4	-0.06255
ZNF506	12	0.40064	0.85687	1.0	238	3	0.14628	0.11162	0.066382	0.211693	166	8	0.14628
MAU2	12	0.65276	0.93957	1.0	323	2	0.28228	0.11212	0.066382	0.211693	167	7	0.28228
CUL7	12	0.51456	0.8966	1.0	282	2	0.1792	0.11435	0.070394	0.219735	168	7	0.1792
WDHD1	12	0.20942	0.71623	1.0	149	2	0.11932	0.11598	0.071424	0.219735	169	5	0.11932
CBX2	12	0.96794	0.99168	1.0	446	1	0.22283	0.11607	0.071424	0.219735	170	6	0.22283
CDIPT	12	0.31378	0.8177	1.0	189	4	-0.019695	0.1163	0.071424	0.219735	171	5	-0.019695
TNFRSF4	12	0.97744	0.99663	1.0	456	0	0.22197	0.1178	0.074832	0.227542	172	7	0.22197
CTCF	12	0.82016	0.96524	1.0	380	1	0.16121	0.12034	0.075268	0.227545	173	8	0.16121
RFX8	12	0.48776	0.89222	1.0	272	3	0.19574	0.12273	0.077834	0.23395	174	6	0.19574
TM4SF5	12	0.99531	0.99957	1.0	491	0	0.24305	0.1236	0.079746	0.238327	175	6	0.24305
FBXL8	12	0.98308	0.99732	1.0	468	0	0.23551	0.12413	0.0804	0.238916	176	7	0.23551
ZNF833P	12	0.95961	0.98777	1.0	437	1	0.20927	0.1267	0.086473	0.24852	177	7	0.20927
CSNK1A1	12	0.90991	0.98148	1.0	410	1	0.25525	0.12982	0.086473	0.24852	178	7	0.25525
MDH1	12	0.62164	0.93443	1.0	316	1	0.2904	0.13044	0.086483	0.24852	179	7	0.2904
EWSR1	12	0.473	0.8913	1.0	263	3	0.27577	0.13196	0.086483	0.24852	180	7	0.27577
COA6	12	0.59991	0.92487	1.0	309	3	0.20237	0.1324	0.086483	0.24852	181	7	0.20237
FAM134C	12	0.82211	0.96591	1.0	381	1	0.11528	0.13283	0.086483	0.24852	182	6	0.11528
HHEX	12	0.76771	0.95708	1.0	366	2	0.27695	0.13378	0.089891	0.252786	183	7	0.27695
SPAG7	12	0.99418	0.99941	1.0	486	0	0.21006	0.13467	0.089901	0.252786	184	7	0.21006
RXRB	12	0.23221	0.74044	1.0	157	4	0.063282	0.13472	0.089901	0.252786	185	5	0.063282
KLF6	12	0.0038977	0.11969	1.0	39	7	-0.30238	0.13498	0.089901	0.252786	186	1	-0.30238
ZNF217	12	0.95799	0.98722	1.0	436	1	0.3987	0.13962	0.093012	0.260134	187	7	0.3987
BACH1	12	0.99071	0.99854	1.0	480	0	0.24687	0.14416	0.10815	0.295914	188	7	0.24687
TEFM	12	0.62472	0.93443	1.0	317	2	0.1617	0.14679	0.10816	0.295914	189	6	0.1617
KDM3B	12	0.18889	0.69866	1.0	141	4	0.086341	0.14809	0.10861	0.295914	190	6	0.086341
LIN52	12	0.98209	0.99683	1.0	465	0	0.20747	0.14849	0.10919	0.295914	191	6	0.20747
SETD1A	12	0.25726	0.76462	1.0	170	3	0.09006	0.15014	0.10919	0.295914	192	6	0.09006
FAM24B-CUZD1	12	0.88319	0.97911	1.0	404	1	0.14337	0.15151	0.1092	0.295914	193	6	0.14337
MID1	12	0.23632	0.7497	1.0	160	2	0.18248	0.15338	0.11635	0.313672	194	6	0.18248
ST3GAL4	12	0.56757	0.91243	1.0	300	3	0.24675	0.15584	0.11714	0.314162	195	7	0.24675
POC5	12	0.74392	0.95268	1.0	352	1	0.23247	0.15772	0.11818	0.315335	196	7	0.23247
SYTL3	12	0.30665	0.81108	1.0	186	4	0.19215	0.16073	0.11947	0.315335	197	7	0.19215
PAX9	12	0.67482	0.94295	1.0	327	2	-0.017131	0.16101	0.11947	0.315335	198	5	-0.017131
PDGFA	12	0.84256	0.97397	1.0	391	2	0.15807	0.16282	0.12179	0.315335	199	6	0.15807
NRBP1	12	0.45969	0.87903	1.0	255	3	0.26562	0.16342	0.12239	0.315335	200	7	0.26562
LSS	12	0.80247	0.96199	1.0	374	2	0.18641	0.16362	0.12239	0.315335	201	7	0.18641
AP2M1	12	0.86154	0.97682	1.0	398	1	0.24511	0.16379	0.1224	0.315335	202	7	0.24511
FOXB1	12	0.22596	0.73469	1.0	154	1	0.19065	0.16407	0.1224	0.315335	203	7	0.19065
GNB2L1	12	0.48558	0.89131	1.0	270	3	0.33517	0.16492	0.12308	0.315542	204	7	0.33517
FLAD1	12	0.74527	0.95334	1.0	353	2	0.19581	0.1673	0.13065	0.333312	205	7	0.19581
ZNF177	12	0.23308	0.74045	1.0	158	4	0.21522	0.173	0.15765	0.400259	206	7	0.21522
KMT2D	12	0.97402	0.99443	1.0	451	0	0.18865	0.17568	0.16008	0.400612	207	6	0.18865
PET117	12	0.99623	0.99966	1.0	493	0	0.1852	0.17681	0.16009	0.400612	208	7	0.1852
ADNP	12	0.97153	0.99312	1.0	448	0	0.18814	0.17734	0.16009	0.400612	209	7	0.18814
CTU2	12	0.86549	0.97723	1.0	400	1	0.10581	0.18089	0.16399	0.406466	210	6	0.10581
GNAT2	12	0.4664	0.88885	1.0	259	3	0.013666	0.18163	0.16399	0.406466	211	4	0.013666
ABCA1	12	0.77355	0.95778	1.0	370	2	0.1753	0.18788	0.17327	0.421212	212	7	0.1753
DCPS	12	0.97913	0.99682	1.0	460	0	0.25363	0.1881	0.17327	0.421212	213	7	0.25363
PPP1R10	12	0.065033	0.51492	1.0	91	4	0.14832	0.18931	0.17395	0.421212	214	6	0.14832
A1BG-AS1	12	0.54329	0.90869	1.0	292	3	0.20212	0.19011	0.17395	0.421212	215	7	0.20212
WRAP53	12	0.98619	0.99772	1.0	475	0	0.082782	0.19172	0.17396	0.421212	216	5	0.082782
NR1H3	12	0.31172	0.81769	1.0	188	3	0.18436	0.1929	0.17517	0.422184	217	7	0.18436
SPI1	12	0.98608	0.99771	1.0	474	0	0.12339	0.19539	0.179	0.427508	218	6	0.12339
ISX-AS1	12	0.47684	0.8913	1.0	265	3	0.1357	0.19755	0.17901	0.427508	219	6	0.1357
SMARCE1	12	0.064254	0.51491	1.0	90	4	0.14337	0.19871	0.18045	0.42898	220	4	0.14337
MED20	12	0.46199	0.8813	1.0	257	3	0.15247	0.20162	0.19142	0.452993	221	6	0.15247
DNAJB14	12	0.27372	0.77927	1.0	177	2	0.21373	0.20406	0.19305	0.454803	222	6	0.21373
TMEM88	12	0.49699	0.89584	1.0	276	3	0.057527	0.2066	0.19578	0.459153	223	5	0.057527
SIX5	12	0.50225	0.89585	1.0	277	2	0.13878	0.21012	0.19737	0.460828	224	4	0.13878
THOP1	12	0.64125	0.93656	1.0	318	1	0.21029	0.21337	0.19859	0.461612	225	6	0.21029
TSPYL4	12	0.14133	0.64989	1.0	123	5	-0.072134	0.21848	0.20128	0.462087	226	3	-0.072134
B3GNT2	12	0.51101	0.89659	1.0	280	3	-0.07116	0.21946	0.20128	0.462087	227	4	-0.07116
C16orf62	12	0.050482	0.45349	1.0	86	4	-0.04034	0.22447	0.20273	0.462087	228	5	-0.04034
ADAP1	12	0.4682	0.89009	1.0	261	3	0.12472	0.22596	0.20435	0.462087	229	6	0.12472
EEF1D	12	0.46089	0.87903	1.0	256	3	0.1969	0.22644	0.20436	0.462087	230	7	0.1969
LINC01602	3	0.75808	0.86857	1.0	359	0	0.43342	0.22844	0.21616	0.462087	231	2	0.43342
HIST1H2BG	12	0.25667	0.76462	1.0	169	4	0.10797	0.22866	0.20634	0.462087	232	6	0.10797
SMARCA5	12	0.096592	0.56964	1.0	103	4	0.19331	0.23073	0.20635	0.462087	233	6	0.19331
VHL	12	0.59651	0.9239	1.0	306	2	0.13405	0.2318	0.20635	0.462087	234	6	0.13405
CABIN1	12	0.74576	0.95334	1.0	354	2	0.13807	0.23564	0.21008	0.462087	235	7	0.13807
ZNF146	12	0.06591	0.51604	1.0	92	5	0.056473	0.24011	0.21561	0.462087	236	5	0.056473
RPP14	12	0.33319	0.82595	1.0	201	3	0.19468	0.24094	0.21717	0.462087	237	6	0.19468
ARPC4	12	0.8933	0.98007	1.0	406	1	0.11977	0.24405	0.21912	0.462087	238	6	0.11977
TMEM138	12	0.12516	0.64128	1.0	114	5	0.081813	0.24511	0.21912	0.462087	239	6	0.081813
BPTF	12	0.75086	0.95441	1.0	356	1	0.19533	0.24543	0.21912	0.462087	240	7	0.19533
LOC101930085	9	0.25015	0.7114	1.0	168	2	0.041834	0.24576	0.21358	0.462087	241	3	0.041834
CUL5	12	0.099929	0.57585	1.0	107	5	-0.010252	0.24656	0.21913	0.462087	242	5	-0.010252
ZNF219	12	0.92196	0.98191	1.0	413	1	0.15389	0.24738	0.21913	0.462087	243	7	0.15389
TMEM50A	12	0.60996	0.92925	1.0	312	2	0.071573	0.24795	0.21913	0.462087	244	5	0.071573
DMRTA2	12	0.26161	0.76463	1.0	172	4	0.03894	0.24999	0.21913	0.462087	245	6	0.03894
CNPY3	12	0.36372	0.85139	1.0	218	1	0.12013	0.2504	0.21913	0.462087	246	7	0.12013
SMARCA1	12	0.65214	0.93957	1.0	322	2	0.11962	0.25059	0.21999	0.462087	247	5	0.11962
ZNF300	12	0.92394	0.98191	1.0	414	1	0.13166	0.25076	0.22	0.462087	248	7	0.13166
MBOAT7	12	0.35816	0.85017	1.0	215	4	0.18983	0.25202	0.22607	0.470283	249	6	0.18983
CASR	9	0.34894	0.77665	1.0	209	3	-0.021888	0.25218	0.21544	0.462087	250	3	-0.021888
PPIC	12	0.54087	0.90735	1.0	289	2	0.094709	0.25523	0.22756	0.470283	251	5	0.094709
NFYC	12	0.2481	0.75691	1.0	167	4	0.016927	0.26238	0.22942	0.470283	252	4	0.016927
ATF4	12	0.84467	0.97398	1.0	392	1	0.11058	0.26239	0.22942	0.470283	253	6	0.11058
HIST1H2BC	12	0.75814	0.95522	1.0	360	2	0.019054	0.26297	0.23109	0.470283	254	5	0.019054
ZFP36L2	12	0.67166	0.94294	1.0	325	2	0.15972	0.26304	0.23109	0.470283	255	7	0.15972
BAG6	12	0.8414	0.97397	1.0	389	2	0.13507	0.26432	0.2311	0.470283	256	7	0.13507
HOXC6	12	0.96078	0.98817	1.0	440	1	0.11398	0.26479	0.2311	0.470283	257	6	0.11398
MSTO1	12	2.2269e-06	0.00093621	0.032642	15	9	-0.39606	0.26666	0.23211	0.470508	258	1	-0.39606
ZC3H18	12	0.41411	0.8611	1.0	241	3	0.021095	0.2689	0.2361	0.476754	259	3	0.021095
TBC1D29	12	0.27293	0.77926	1.0	176	4	0.14513	0.27254	0.23777	0.478288	260	6	0.14513
HARBI1	12	0.48394	0.89131	1.0	269	3	0.073247	0.27512	0.25807	0.509326	261	5	0.073247
ZFP69	12	0.45755	0.87903	1.0	253	2	0.2134	0.27634	0.25807	0.509326	262	7	0.2134
OSGIN1	12	0.098655	0.57131	1.0	104	4	-0.12263	0.27652	0.25807	0.509326	263	3	-0.12263
SQLE	12	0.92411	0.98191	1.0	415	1	0.13046	0.2833	0.26292	0.516937	264	6	0.13046
WFDC1	12	0.15711	0.679	1.0	131	3	0.062415	0.2888	0.26481	0.517792	265	5	0.062415
LAS1L	9	0.23912	0.70419	1.0	162	3	0.22626	0.28989	0.25066	0.502283	266	5	0.22626
NCOA3	12	0.82707	0.96678	1.0	384	1	0.13936	0.29205	0.26778	0.517792	267	6	0.13936
PREB	12	0.0070289	0.16155	1.0	44	6	-0.2304	0.29452	0.26779	0.517792	268	4	-0.2304
P4HA2-AS1	12	0.16777	0.69089	1.0	135	3	0.1598	0.29662	0.27156	0.517792	269	6	0.1598
IRF9	12	0.33487	0.83137	1.0	202	4	0.1018	0.29842	0.27156	0.517792	270	5	0.1018
TRAPPC2L	12	0.6546	0.94052	1.0	324	2	0.12506	0.29843	0.27156	0.517792	271	6	0.12506
PKLR	12	0.32696	0.82096	1.0	199	2	0.16568	0.29923	0.27157	0.517792	272	6	0.16568
OR52B2	12	0.56515	0.91242	1.0	299	2	0.13912	0.30423	0.27367	0.517792	273	6	0.13912
ZNF512B	12	0.55663	0.9099	1.0	294	3	0.13666	0.3058	0.27502	0.517792	274	6	0.13666
ZBTB11	9	0.3675	0.79087	1.0	219	3	0.14595	0.30603	0.25646	0.509326	275	4	0.14595
TIPARP	12	0.6813	0.94487	1.0	330	2	0.11057	0.30977	0.27721	0.517792	276	5	0.11057
RNF113A	12	0.19355	0.69933	1.0	145	4	-0.091494	0.31077	0.27721	0.517792	277	4	-0.091494
ZNF394	12	0.59075	0.92083	1.0	305	3	0.099127	0.31132	0.27721	0.517792	278	6	0.099127
CHD2	12	0.39655	0.85686	1.0	236	2	0.10595	0.31144	0.27721	0.517792	279	5	0.10595
COPS2	12	0.789	0.96101	1.0	371	2	0.10745	0.31199	0.27721	0.517792	280	6	0.10745
EGLN2	12	0.72677	0.94766	1.0	348	2	0.035896	0.31743	0.27891	0.519103	281	5	0.035896
LOC100996351	9	0.42559	0.83206	1.0	243	2	0.10993	0.3269	0.30917	0.555659	282	4	0.10993
INSIG2	12	0.088058	0.56027	1.0	100	5	-0.038034	0.32929	0.29269	0.54282	283	4	-0.038034
TGIF1	12	0.26021	0.76463	1.0	171	3	0.0085535	0.33059	0.29517	0.54338	284	4	0.0085535
OR13C2	12	0.61911	0.93442	1.0	315	3	0.053151	0.3319	0.29713	0.54338	285	5	0.053151
GAGE12B	6	0.3409	0.67699	1.0	207	2	0.093356	0.3322	0.33489	0.583826	286	3	0.093356
HERPUD2	12	0.97841	0.99682	1.0	459	0	0.12476	0.33446	0.29714	0.54338	287	6	0.12476
CYC1	12	0.41019	0.85687	1.0	240	3	0.072023	0.33622	0.29714	0.54338	288	5	0.072023
KIAA1683	9	0.70575	0.92374	1.0	340	2	0.019668	0.33671	0.31752	0.565143	289	4	0.019668
PGM1	12	0.55988	0.91109	1.0	296	3	0.021534	0.34843	0.30557	0.554899	290	5	0.021534
YJEFN3	12	0.22787	0.73655	1.0	155	4	0.087844	0.34891	0.30557	0.554899	291	6	0.087844
PBRM1	12	0.97756	0.99663	1.0	457	0	0.17415	0.35038	0.30824	0.555659	292	6	0.17415
SUSD5	12	0.95316	0.98676	1.0	432	1	0.12357	0.35243	0.30825	0.555659	293	4	0.12357
HIST1H2BI	12	0.82531	0.96677	1.0	383	2	0.15385	0.35957	0.3151	0.564368	294	6	0.15385
TAF10	9	0.70538	0.92374	1.0	339	2	0.12311	0.36053	0.34123	0.592903	295	4	0.12311
B4GALT2	12	0.4823	0.89131	1.0	267	3	0.015539	0.36407	0.31984	0.565143	296	5	0.015539
MTA2	12	0.27441	0.77927	1.0	178	4	0.080754	0.365	0.31984	0.565143	297	5	0.080754
LINC01483	12	0.33039	0.82412	1.0	200	3	0.063837	0.36668	0.31985	0.565143	298	5	0.063837
PHB2	6	0.73026	0.85454	1.0	350	1	0.23924	0.37157	0.37777	0.64991	299	2	0.23924
VPS72	12	0.43508	0.87199	1.0	247	3	0.16646	0.37236	0.32442	0.571283	300	6	0.16646
ASB16-AS1	12	0.93091	0.98243	1.0	417	1	0.15128	0.37708	0.32588	0.571939	301	6	0.15128
PPIL2	12	0.076602	0.53003	1.0	95	5	-0.11376	0.38336	0.33438	0.583826	302	4	-0.11376
USP17L2	12	0.076521	0.53003	1.0	94	5	0.065157	0.3909	0.34256	0.593239	303	6	0.065157
AP5Z1	12	0.2689	0.77295	1.0	175	2	0.11305	0.39307	0.34395	0.593675	304	6	0.11305
ZNF626	12	0.3057	0.81108	1.0	185	4	0.12056	0.4015	0.38306	0.653363	305	6	0.12056
SNAI3-AS1	12	0.98045	0.99683	1.0	462	0	0.12682	0.40426	0.38476	0.653363	306	6	0.12682
FAM20A	12	0.11406	0.60391	1.0	110	4	-0.02426	0.40595	0.38477	0.653363	307	4	-0.02426
SETDB1	12	0.24277	0.75226	1.0	164	4	0.064255	0.40631	0.38477	0.653363	308	5	0.064255
SLC35F5	12	0.38336	0.85465	1.0	230	2	0.14613	0.41884	0.39144	0.656163	309	6	0.14613
ZC3H11A	12	0.72897	0.94767	1.0	349	2	0.082405	0.41983	0.39144	0.656163	310	3	0.082405
ELOF1	12	0.10689	0.58832	1.0	109	5	0.094958	0.42044	0.39144	0.656163	311	5	0.094958
ITGA2	12	0.77163	0.95777	1.0	367	1	0.11811	0.42093	0.39144	0.656163	312	5	0.11811
TRPM4	12	0.96146	0.98817	1.0	442	1	0.12735	0.4274	0.39627	0.660052	313	6	0.12735
ZNF99	12	0.69655	0.94488	1.0	337	1	0.07287	0.43018	0.39628	0.660052	314	5	0.07287
ZNF484	12	0.84209	0.97397	1.0	390	1	0.089575	0.43201	0.39869	0.661954	315	5	0.089575
STT3A	9	0.0044695	0.10096	1.0	40	5	-0.42891	0.43502	0.43935	0.713602	316	1	-0.42891
GPR4	12	0.61755	0.93442	1.0	313	2	0.020355	0.43985	0.41339	0.682034	317	5	0.020355
ZC3H13	12	0.34735	0.84418	1.0	208	1	0.11669	0.44008	0.41339	0.682034	318	5	0.11669
ZNF830	12	0.32261	0.82095	1.0	195	4	0.0031052	0.44304	0.41478	0.68217	319	5	0.0031052
CLEC3B	12	0.21711	0.72058	1.0	151	4	-0.0022242	0.45106	0.42949	0.701951	320	2	-0.0022242
DNAH1	12	0.83396	0.97086	1.0	388	2	0.10266	0.45151	0.42949	0.701951	321	6	0.10266
DAGLA	12	0.12819	0.64129	1.0	121	5	0.04748	0.45861	0.43553	0.709594	322	6	0.04748
CCDC43	12	0.53227	0.90418	1.0	286	3	0.057459	0.46609	0.45724	0.738094	323	5	0.057459
CPSF4	12	0.46778	0.89009	1.0	260	2	0.14259	0.47016	0.45725	0.738094	324	6	0.14259
SLC29A2	12	0.040077	0.39961	1.0	81	6	-0.024059	0.47082	0.46958	0.747027	325	6	-0.024059
SURF4	12	0.0059364	0.15045	1.0	42	6	-0.20311	0.47136	0.46958	0.747027	326	4	-0.20311
RAB20	12	0.56383	0.9111	1.0	297	1	0.065567	0.47189	0.46958	0.747027	327	5	0.065567
TREM1	12	0.044109	0.42145	1.0	83	5	-0.0048265	0.47769	0.47302	0.747027	328	5	-0.0048265
SMARCA4	12	0.43954	0.87453	1.0	249	3	0.13042	0.47957	0.47303	0.747027	329	5	0.13042
CAPZA1	12	0.44329	0.87454	1.0	251	3	0.11047	0.47994	0.47303	0.747027	330	6	0.11047
SP2-AS1	12	0.94676	0.98629	1.0	428	1	0.057101	0.48074	0.47303	0.747027	331	5	0.057101
U2AF1	9	0.82474	0.9457	1.0	382	1	0.16655	0.48286	0.49181	0.756515	332	4	0.16655
DNAH17	12	0.57169	0.91341	1.0	301	2	0.090724	0.48367	0.47421	0.747027	333	4	0.090724
TMEM214	12	0.71552	0.94658	1.0	344	2	-0.054742	0.48537	0.47764	0.747803	334	2	-0.054742
POLR3H	12	0.49044	0.89223	1.0	274	3	0.16213	0.48634	0.47765	0.747803	335	5	0.16213
ARFRP1	12	0.28738	0.79814	1.0	180	4	0.02337	0.48691	0.48104	0.747803	336	4	0.02337
CREG2	12	0.47555	0.8913	1.0	264	2	0.11992	0.48706	0.48104	0.747803	337	6	0.11992
INTS1	12	0.03595	0.36538	1.0	76	5	-0.14626	0.49176	0.48331	0.747803	338	3	-0.14626
ICAM3	12	0.23789	0.7497	1.0	161	3	0.051642	0.4924	0.48331	0.747803	339	6	0.051642
MYNN	12	0.01234	0.20311	1.0	52	5	-0.001486	0.49477	0.48471	0.747803	340	4	-0.001486
CITED2	12	0.10318	0.582	1.0	108	5	-0.090965	0.505	0.51718	0.781762	341	2	-0.090965
SPPL3	12	0.34945	0.84556	1.0	210	3	0.027368	0.50642	0.51719	0.781762	342	4	0.027368
USF1	12	0.081129	0.54629	1.0	97	5	-0.15551	0.50745	0.51719	0.781762	343	4	-0.15551
NSA2	12	0.83106	0.96986	1.0	386	2	0.08507	0.50852	0.51719	0.781762	344	5	0.08507
TMEM258	12	0.31687	0.81915	1.0	190	4	0.05253	0.50858	0.51719	0.781762	345	4	0.05253
VOPP1	12	0.21137	0.72057	1.0	150	3	0.035763	0.50894	0.51719	0.781762	346	5	0.035763
LSM12	12	0.1266	0.64128	1.0	116	5	0.098874	0.5126	0.52005	0.783824	347	5	0.098874
SCAF4	12	0.53945	0.90734	1.0	287	2	0.038408	0.52433	0.53814	0.795066	348	3	0.038408
SMARCC1	12	0.098922	0.57132	1.0	105	5	-0.1041	0.52861	0.53815	0.795066	349	4	-0.1041
COX5A	12	0.96127	0.98817	1.0	441	1	0.098005	0.52987	0.53815	0.795066	350	5	0.098005
NR5A1	12	0.07793	0.54111	1.0	96	5	-0.092595	0.53011	0.53815	0.795066	351	2	-0.092595
DNAJC5G	12	0.17871	0.6909	1.0	139	4	0.0072129	0.53123	0.53815	0.795066	352	5	0.0072129
CYP2C18	12	0.64324	0.93739	1.0	320	2	0.064357	0.53437	0.55141	0.810088	353	5	0.064357
KMT2A	12	0.095424	0.56963	1.0	101	4	-0.013704	0.53492	0.55142	0.810088	354	4	-0.013704
MIR5089	6	0.12699	0.46675	1.0	118	3	-0.0017574	0.5435	0.52246	0.78519	355	3	-0.0017574
ZFPM1	12	0.97328	0.99442	1.0	450	0	0.084883	0.54406	0.55759	0.81686	356	5	0.084883
GMPPB	12	0.1832	0.6909	1.0	140	4	0.02152	0.5443	0.56005	0.818168	357	3	0.02152
UGT1A9	12	0.37629	0.85464	1.0	226	3	-0.043644	0.5506	0.5635	0.820095	358	5	-0.043644
GPN1	6	0.22546	0.60501	1.0	153	2	0.11963	0.55402	0.53583	0.795066	359	3	0.11963
GPS2	12	0.60993	0.92925	1.0	311	3	0.030884	0.55472	0.56607	0.820095	360	5	0.030884
DMTF1	12	0.26524	0.76903	1.0	173	4	0.0045982	0.55584	0.56607	0.820095	361	3	0.0045982
HIST1H3F	12	0.14894	0.66902	1.0	126	4	0.020861	0.56636	0.57639	0.832744	362	4	0.020861
GOSR2	12	0.0046688	0.13536	1.0	41	5	-0.038106	0.57514	0.58333	0.838133	363	4	-0.038106
EPB41	12	0.76574	0.95708	1.0	364	2	-0.02429	0.57706	0.58333	0.838133	364	4	-0.02429
STAM	12	0.16763	0.69089	1.0	134	4	0.00042813	0.58282	0.59604	0.854049	365	3	0.00042813
EXOC1	12	0.00097704	0.052215	0.865042	29	8	-0.3446	0.58451	0.59853	0.855283	366	2	-0.3446
SIRT5	12	0.64776	0.93836	1.0	321	2	0.12074	0.58661	0.60457	0.85829	367	5	0.12074
TMEM161A	12	0.24219	0.74971	1.0	163	4	0.087454	0.58829	0.6072	0.85829	368	5	0.087454
DENND4C	12	0.39726	0.85686	1.0	237	3	0.070286	0.58993	0.6072	0.85829	369	5	0.070286
DEF6	12	0.013403	0.20819	1.0	54	6	-0.084941	0.59303	0.6072	0.85829	370	4	-0.084941
ITIH1	12	0.087457	0.56027	1.0	99	4	-0.044316	0.60347	0.61093	0.858913	371	2	-0.044316
ACTR3	12	0.94695	0.98629	1.0	429	1	0.03424	0.60428	0.61093	0.858913	372	4	0.03424
H1F0	12	0.59794	0.92391	1.0	307	3	0.10236	0.61085	0.61346	0.860166	373	5	0.10236
FNDC3B	12	0.039094	0.38637	1.0	78	5	0.0035643	0.6125	0.6182	0.86215	374	5	0.0035643
PXK	12	0.11685	0.61011	1.0	111	5	-0.05048	0.61419	0.61821	0.86215	375	3	-0.05048
PACRGL	12	0.043875	0.4152	1.0	82	6	-0.033963	0.61429	0.61982	0.86215	376	4	-0.033963
ZKSCAN8	12	0.42665	0.8691	1.0	244	1	-0.0029795	0.61853	0.62646	0.862256	377	3	-0.0029795
KIAA0895	12	0.33637	0.83138	1.0	204	2	0.09326	0.61863	0.62646	0.862256	378	5	0.09326
BCL6	12	0.493	0.8946	1.0	275	3	0.073444	0.62151	0.62647	0.862256	379	5	0.073444
PRR3	12	0.20198	0.70565	1.0	147	4	0.075897	0.62324	0.62813	0.862256	380	5	0.075897
PDE1A	12	0.04782	0.43802	1.0	84	4	0.074717	0.6251	0.63308	0.862256	381	3	0.074717
PGAP3	12	0.96	0.98777	1.0	438	1	0.11363	0.62532	0.63308	0.862256	382	5	0.11363
ATP6V1G2	12	0.97013	0.99215	1.0	447	0	0.030348	0.6279	0.63309	0.862256	383	5	0.030348
RPS25	12	0.15482	0.67524	1.0	130	5	0.078331	0.63109	0.63667	0.864875	384	4	0.078331
ZNF233	12	0.21797	0.72058	1.0	152	4	0.013918	0.63545	0.64859	0.870748	385	5	0.013918
KLHDC3	12	0.33838	0.83486	1.0	205	1	0.0429	0.6383	0.65473	0.870748	386	4	0.0429
ZNF131	9	0.059431	0.43501	1.0	89	4	-0.023354	0.63962	0.63069	0.862256	387	3	-0.023354
GTF3A	12	0.3195	0.81916	1.0	193	4	-0.028988	0.64015	0.65718	0.870748	388	3	-0.028988
PLCG1-AS1	12	0.16115	0.68186	1.0	133	5	-0.042033	0.64039	0.65718	0.870748	389	3	-0.042033
UVRAG	12	0.052941	0.4581	1.0	87	6	-0.1367	0.64324	0.65718	0.870748	390	3	-0.1367
PIKFYVE	12	0.0015863	0.072425	1.0	33	8	-0.28121	0.64492	0.65718	0.870748	391	2	-0.28121
ZBTB2	12	0.012264	0.2031	1.0	51	7	-0.22143	0.64908	0.65719	0.870748	392	2	-0.22143
SLC25A40	12	0.00075467	0.043923	0.831144	27	6	-0.24154	0.65073	0.65719	0.870748	393	4	-0.24154
EPHA2	12	0.72051	0.94659	1.0	346	2	-0.0013683	0.65466	0.65929	0.870748	394	5	-0.0013683
HTRA1	12	0.12527	0.64128	1.0	115	4	-0.0091616	0.65499	0.65929	0.870748	395	3	-0.0091616
FAM71B	12	0.57469	0.9144	1.0	302	3	0.028193	0.65606	0.6593	0.870748	396	4	0.028193
MCCC2	12	0.37236	0.85464	1.0	222	3	0.084871	0.66487	0.66662	0.875152	397	5	0.084871
SEC1P	12	0.1933	0.69867	1.0	144	4	0.0633	0.6656	0.66662	0.875152	398	5	0.0633
RBM10	12	0.17655	0.69089	1.0	137	4	0.01207	0.66984	0.66792	0.875152	399	5	0.01207
ELF4	12	0.12119	0.62324	1.0	113	4	0.10712	0.67393	0.67338	0.875152	400	5	0.10712
RFX1	12	0.15223	0.66903	1.0	128	4	-0.03487	0.67782	0.67764	0.875152	401	2	-0.03487
OLR1	12	0.37307	0.85464	1.0	223	3	0.066831	0.67832	0.67765	0.875152	402	3	0.066831
RBM22	12	0.1709	0.69089	1.0	136	4	0.025865	0.67913	0.67983	0.875152	403	5	0.025865
ZNF3	12	0.035323	0.36538	1.0	74	6	-0.12821	0.68289	0.67984	0.875152	404	3	-0.12821
CSDE1	12	0.036058	0.36538	1.0	77	6	-0.10287	0.68935	0.68492	0.875152	405	3	-0.10287
LOC100270746	12	0.14371	0.65181	1.0	125	4	0.0040578	0.69068	0.68714	0.875152	406	5	0.0040578
MROH2A	12	0.59026	0.92082	1.0	304	3	0.053393	0.69156	0.68714	0.875152	407	5	0.053393
MED26	12	0.32481	0.82095	1.0	198	3	0.13741	0.69185	0.68714	0.875152	408	5	0.13741
ZNF652	12	2.0979e-06	0.0009263	0.032642	14	9	-0.56185	0.69465	0.68715	0.875152	409	2	-0.56185
HYOU1	12	0.0090757	0.18044	1.0	47	7	-0.26431	0.69637	0.68715	0.875152	410	3	-0.26431
ZNF468	12	0.017706	0.24322	1.0	59	5	-0.016714	0.69661	0.68839	0.875152	411	4	-0.016714
RAP1GAP	12	0.77309	0.95777	1.0	369	2	0.11073	0.69691	0.69108	0.875152	412	5	0.11073
HGFAC	12	0.31753	0.81915	1.0	191	3	-0.05859	0.69982	0.69109	0.875152	413	4	-0.05859
GMEB1	12	0.9756	0.99537	1.0	455	0	0.070603	0.70307	0.69936	0.879253	414	5	0.070603
MEIKIN	12	0.24435	0.75227	1.0	165	4	0.046821	0.70537	0.69937	0.879253	415	5	0.046821
ZMAT5	12	0.98164	0.99683	1.0	463	0	0.088355	0.70652	0.69937	0.879253	416	5	0.088355
C9orf163	12	0.29574	0.80793	1.0	183	4	0.0033212	0.71136	0.70568	0.88506	417	4	0.0033212
RHOB	12	0.61811	0.93442	1.0	314	2	0.040665	0.71334	0.70896	0.886585	418	5	0.040665
ABCG5	12	0.96642	0.99058	1.0	445	1	0.019635	0.71598	0.71029	0.886585	419	4	0.019635
PROX1	12	0.14286	0.6518	1.0	124	5	-0.077743	0.73248	0.72541	0.901167	420	3	-0.077743
CTNNBIP1	12	0.19051	0.69866	1.0	143	4	-0.043345	0.73643	0.73219	0.907429	421	4	-0.043345
SPDEF	12	0.35451	0.84676	1.0	214	4	-0.062251	0.74094	0.73887	0.91354	422	3	-0.062251
CNN1	12	0.89711	0.98008	1.0	407	1	0.020603	0.75473	0.74411	0.91785	423	4	0.020603
DMPK	12	0.31753	0.81915	1.0	192	2	0.041475	0.76274	0.75115	0.91858	424	4	0.041475
HNF4A	12	0.70722	0.94488	1.0	341	2	-0.040235	0.76276	0.75115	0.91858	425	2	-0.040235
GTF2E2	9	0.56412	0.86693	1.0	298	2	-0.034667	0.76432	0.72027	0.89691	426	3	-0.034667
PIK3C3	12	0.019129	0.2514	1.0	60	6	-0.2154	0.76968	0.7538	0.91858	427	3	-0.2154
LYL1	12	0.12661	0.64128	1.0	117	3	0.043468	0.77123	0.75597	0.91858	428	3	0.043468
AXIN1	12	0.20857	0.71316	1.0	148	4	0.01086	0.77127	0.75597	0.91858	429	4	0.01086
ARID4B	12	0.34067	0.83487	1.0	206	4	-0.036853	0.7763	0.75813	0.91858	430	4	-0.036853
EXOC8	12	0.014046	0.2148	1.0	55	6	-0.17785	0.78563	0.76413	0.920841	431	2	-0.17785
HIST1H2BF	12	0.35037	0.84675	1.0	211	4	-0.00099295	0.78893	0.76414	0.920841	432	4	-0.00099295
UCKL1-AS1	6	0.45382	0.75754	1.0	252	2	-0.041079	0.79951	0.74654	0.91858	433	1	-0.041079
PFDN2	9	0.0034071	0.084957	1.0	38	6	-0.31555	0.80053	0.75875	0.91858	434	1	-0.31555
ARID3A	12	0.0062871	0.1512	1.0	43	7	-0.28965	0.80072	0.77732	0.932423	435	4	-0.28965
LOC100131626	9	0.37464	0.79861	1.0	224	2	-0.082873	0.80783	0.7689	0.924454	436	2	-0.082873
ZIM2	12	0.41467	0.8611	1.0	242	3	-0.010816	0.8184	0.79628	0.952983	437	4	-0.010816
CHRND	12	0.44009	0.87453	1.0	250	3	-0.046928	0.81903	0.80037	0.955692	438	3	-0.046928
SCX	12	0.3852	0.85465	1.0	232	2	0.085185	0.82416	0.80441	0.956165	439	4	0.085185
EXOC7	12	0.08412	0.55509	1.0	98	2	0.025301	0.82459	0.80442	0.956165	440	4	0.025301
CPSF7	12	0.33599	0.83138	1.0	203	3	-0.0055583	0.82784	0.81045	0.961152	441	4	-0.0055583
TIGD5	12	0.11907	0.61188	1.0	112	5	0.015218	0.83911	0.82337	0.96858	442	2	0.015218
CDK5RAP3	12	0.18943	0.69866	1.0	142	4	-0.049094	0.83991	0.82338	0.96858	443	4	-0.049094
OTX1	12	0.5126	0.89659	1.0	281	3	-0.062501	0.84192	0.82778	0.96858	444	2	-0.062501
DYNLL1	12	0.54277	0.90735	1.0	291	3	0.0005498	0.84382	0.82981	0.96858	445	3	0.0005498
PRMT1	12	0.014065	0.2148	1.0	56	7	-0.26767	0.85317	0.84335	0.96858	446	3	-0.26767
GID4	12	0.42922	0.87198	1.0	245	3	0.11201	0.85404	0.84335	0.96858	447	4	0.11201
POLR2L	9	0.039605	0.34461	1.0	80	5	-0.22184	0.85422	0.82875	0.96858	448	3	-0.22184
PARP3	12	0.3517	0.84675	1.0	212	3	0.026537	0.85476	0.84335	0.96858	449	3	0.026537
GPBP1L1	12	0.028346	0.33691	1.0	69	4	-0.0046563	0.86181	0.84606	0.96858	450	4	-0.0046563
CCHCR1	12	0.80304	0.96199	1.0	375	1	-0.017425	0.86185	0.84606	0.96858	451	2	-0.017425
PIAS1	12	0.048619	0.44134	1.0	85	5	-0.13785	0.86469	0.84711	0.96858	452	4	-0.13785
XBP1	12	0.014115	0.21652	1.0	57	7	-0.17701	0.86653	0.84712	0.96858	453	2	-0.17701
TRIM38	12	0.4629	0.8824	1.0	258	3	0.035077	0.86682	0.84712	0.96858	454	4	0.035077
UBR2	12	0.023793	0.2824	1.0	64	6	-0.18251	0.87055	0.84805	0.96858	455	4	-0.18251
BRD2	12	0.43778	0.87199	1.0	248	3	0.030929	0.87177	0.84805	0.96858	456	3	0.030929
NXF5	12	0.39653	0.85686	1.0	235	2	-0.016753	0.87481	0.8519	0.96858	457	3	-0.016753
EML2	12	0.35378	0.84676	1.0	213	4	0.0091585	0.87516	0.8519	0.96858	458	3	0.0091585
GAGE1	12	0.053537	0.45811	1.0	88	6	-0.11869	0.87791	0.85191	0.96858	459	4	-0.11869
CAB39	12	0.027217	0.32903	1.0	68	6	-0.24139	0.88085	0.85448	0.969401	460	3	-0.24139
ACAT2	12	0.12703	0.64128	1.0	119	5	-0.11827	0.89806	0.87438	0.983008	461	2	-0.11827
YBX2	12	0.26805	0.77294	1.0	174	4	0.10667	0.90069	0.87609	0.983008	462	3	0.10667
WWP1	12	0.17753	0.6909	1.0	138	4	-0.058721	0.90109	0.87609	0.983008	463	2	-0.058721
BCAT2	12	0.0077543	0.17329	1.0	45	7	-0.20136	0.90585	0.8761	0.983008	464	3	-0.20136
ARCN1	12	0.031134	0.34213	1.0	71	6	-0.12981	0.90728	0.87775	0.983008	465	2	-0.12981
MARVELD3	12	0.16096	0.68186	1.0	132	4	-0.066202	0.90972	0.8824	0.984009	466	2	-0.066202
CNOT3	12	0.28459	0.79477	1.0	179	4	-0.087219	0.91008	0.88241	0.984009	467	3	-0.087219
SRGAP2	12	0.010103	0.18913	1.0	49	5	-0.052376	0.91277	0.88676	0.984791	468	3	-0.052376
SNAPC4	12	0.0019864	0.085086	1.0	34	8	-0.28885	0.91476	0.88875	0.984791	469	2	-0.28885
USP24	12	0.0011331	0.052928	0.865042	31	8	-0.29889	0.91721	0.88876	0.984791	470	3	-0.29889
NUDC	12	0.00044324	0.033708	0.678059	26	7	-0.40159	0.92286	0.90258	0.99799	471	2	-0.40159
LOC105371789	6	0.68647	0.84606	1.0	332	1	0.096182	0.92374	0.84241	0.96858	472	1	0.096182
TOP1	12	0.099173	0.57132	1.0	106	5	-0.01918	0.92535	0.90514	0.998705	473	2	-0.01918
UXT	12	0.0012833	0.05809	0.920631	32	8	-0.349	0.92993	0.91131	1.0	474	3	-0.349
ZNF157	12	0.012937	0.20715	1.0	53	6	-0.18424	0.93184	0.91392	1.0	475	3	-0.18424
INTS12	12	0.01591	0.22988	1.0	58	5	-0.0052207	0.93346	0.91557	1.0	476	2	-0.0052207
TFE3	12	0.48993	0.89223	1.0	273	3	-0.040592	0.93587	0.92141	1.0	477	3	-0.040592
TAOK1	12	0.81696	0.96443	1.0	379	2	-0.024654	0.93824	0.92254	1.0	478	2	-0.024654
LOC102723582	3	0.29798	0.48772	1.0	184	1	-0.095317	0.9422	0.87543	0.983008	479	0	-0.095317
YY1	12	0.0030465	0.11058	1.0	37	8	-0.27305	0.94285	0.92495	1.0	480	2	-0.27305
RNASEK-C17orf49	12	0.0094922	0.18552	1.0	48	6	-0.060392	0.94659	0.92496	1.0	481	3	-0.060392
GTF2H3	12	0.033865	0.35526	1.0	72	5	-0.12539	0.95389	0.93836	1.0	482	3	-0.12539
AP1G1	12	0.035401	0.36538	1.0	75	5	-0.10942	0.95506	0.94055	1.0	483	2	-0.10942
AKAP9	12	0.505	0.89585	1.0	278	2	0.046683	0.96444	0.94696	1.0	484	2	0.046683
PPCDC	12	0.033885	0.35526	1.0	73	6	-0.098675	0.97056	0.95439	1.0	485	2	-0.098675
OST4	12	0.020501	0.26272	1.0	61	6	-0.18649	0.97116	0.95546	1.0	486	1	-0.18649
GPN3	9	0.021644	0.23676	1.0	63	5	-0.26487	0.97598	0.94109	1.0	487	1	-0.26487
MSI2	12	0.0090699	0.18044	1.0	46	6	-0.20141	0.98348	0.96524	1.0	488	2	-0.20141
GTF2A2	12	6.4558e-05	0.010645	0.265112	21	9	-0.32837	0.9885	0.9744	1.0	489	2	-0.32837
ATP13A1	12	0.030772	0.34212	1.0	70	5	-0.027559	0.99159	0.97999	1.0	490	2	-0.027559
TP53	12	0.0027014	0.10215	1.0	36	8	-0.16104	0.99373	0.98119	1.0	491	1	-0.16104
ACAD11	12	0.00016906	0.017312	0.39367	22	8	-0.35303	0.99523	0.9821	1.0	492	1	-0.35303
FOSL1	12	0.025927	0.30781	1.0	65	6	-0.092159	0.99538	0.98211	1.0	493	1	-0.092159
USF2	12	0.00079682	0.044497	0.831144	28	8	-0.23589	0.99571	0.98269	1.0	494	1	-0.23589
SRCAP	12	0.010932	0.19878	1.0	50	7	-0.21307	0.99762	0.98573	1.0	495	1	-0.21307
MIER3	12	0.039589	0.39331	1.0	79	6	-0.1597	0.99792	0.98614	1.0	496	1	-0.1597
WRB	12	7.2003e-07	0.00053993	0.023532	12	9	-0.51688	0.9988	0.99035	1.0	497	1	-0.51688
GTF2F2	9	0.38381	0.81046	1.0	231	3	-0.14599	0.99887	0.98806	1.0	498	0	-0.14599
EXOC2	12	0.02677	0.30903	1.0	67	5	-0.11093	0.99925	0.99321	1.0	499	1	-0.11093
EMP3	12	0.15147	0.66903	1.0	127	5	-0.055007	0.9993	0.99322	1.0	500	1	-0.055007
GPN2	6	0.002528	0.051581	0.865042	35	5	-0.69803	0.99953	0.99677	1.0	501	0	-0.69803
GDI2	12	4.025e-06	0.0012532	0.038555	17	10	-0.43621	0.99953	0.99369	1.0	502	0	-0.43621
TRAPPC1	12	6.9404e-07	0.00053993	0.023532	11	11	-0.53498	0.99974	0.99582	1.0	503	0	-0.53498
GET4	12	2.2852e-05	0.0052854	0.153569	18	9	-0.40156	0.99976	0.99608	1.0	504	0	-0.40156
EXOC3	9	0.00027752	0.016371	0.38919	24	7	-0.57859	0.99982	0.99821	1.0	505	0	-0.57859
RAB10	12	0.00019209	0.019324	0.421092	23	8	-0.42194	0.99983	0.99671	1.0	506	0	-0.42194
LRPAP1	12	0.00031209	0.029285	0.612642	25	9	-0.29206	0.99984	0.99688	1.0	507	0	-0.29206
YKT6	12	3.2887e-06	0.0011244	0.036755	16	9	-0.5084	0.99989	0.99735	1.0	508	0	-0.5084
SLC39A7	12	0.0010231	0.052225	0.865042	30	8	-0.40496	0.99993	0.99825	1.0	509	0	-0.40496
DPAGT1	12	5.5343e-05	0.0092977	0.243135	20	8	-0.5042	0.99994	0.99843	1.0	510	0	-0.5042
USO1	12	3.4448e-05	0.0074946	0.206299	19	8	-0.52117	0.99998	0.99962	1.0	511	0	-0.52117
MESDC2	12	1.4951e-06	0.00075788	0.03049	13	11	-0.65635	1.0	0.9999	1.0	512	0	-0.65635
MBTPS1	12	2.9611e-09	4.9535e-06	0.000259	10	11	-0.77635	1.0	0.99997	1.0	513	0	-0.77635
SCAP	12	1.9398e-10	4.9535e-06	0.000259	6	11	-1.2706	1.0	0.99998	1.0	514	0	-1.2706
TMED2	12	2.7224e-10	4.9535e-06	0.000259	7	11	-0.82257	1.0	1.0	1.0	515	0	-0.82257
WDR7	12	1.0695e-09	4.9535e-06	0.000259	8	12	-0.8988	1.0	1.0	1.0	516	0	-0.8988
ATP11A	12	1.0837e-09	4.9535e-06	0.000259	9	12	-0.92333	1.0	1.0	1.0	517	0	-0.92333
SREBF2	12	5.7445e-15	4.9535e-06	0.000259	4	12	-1.0789	1.0	1.0	1.0	518	0	-1.0789
MBTPS2	12	8.6933e-14	4.9535e-06	0.000259	5	12	-1.251	1.0	1.0	1.0	519	0	-1.251
RIC1	12	1.7672e-26	4.9535e-06	0.000259	1	12	-1.6242	1.0	1.0	1.0	520	0	-1.6242
LDLR	12	4.4193e-25	4.9535e-06	0.000259	2	12	-2.1114	1.0	1.0	1.0	521	0	-2.1114
SCARB1	12	2.2315e-23	4.9535e-06	0.000259	3	12	-1.5596	1.0	1.0	1.0	522	0	-1.5596
