id	num	neg|score	neg|p-value	neg|fdr	neg|rank	neg|goodsgrna	neg|lfc	pos|score	pos|p-value	pos|fdr	pos|rank	pos|goodsgrna	pos|lfc
CDH1	12	1.0	1.0	1.0	520	0	1.6416	2.4587e-25	4.9535e-06	8.1e-05	1	12	1.6416
MYLIP	12	1.0	1.0	1.0	521	0	1.2227	7.4387e-19	4.9535e-06	8.1e-05	2	12	1.2227
CCT6B	12	1.0	1.0	1.0	522	0	1.1397	2.5149e-17	4.9535e-06	8.1e-05	3	12	1.1397
PRDM10	12	1.0	1.0	1.0	519	0	0.97425	1.6255e-11	4.9535e-06	8.1e-05	4	12	0.97425
GPAA1	12	1.0	1.0	1.0	518	0	0.87068	3.4761e-09	4.9535e-06	8.1e-05	5	12	0.87068
ALG2	12	1.0	1.0	1.0	510	0	0.7359	3.4878e-09	4.9535e-06	8.1e-05	6	12	0.7359
SP5	12	1.0	1.0	1.0	506	0	0.62698	6.1417e-09	4.9535e-06	8.1e-05	7	12	0.62698
ONECUT1	12	1.0	1.0	1.0	517	0	0.66003	8.1163e-09	4.9535e-06	8.1e-05	8	12	0.66003
RC3H1	12	1.0	1.0	1.0	516	0	0.49633	1.0708e-08	4.9535e-06	8.1e-05	9	12	0.49633
NR1H3	12	1.0	1.0	1.0	512	0	0.78446	1.7834e-08	4.9535e-06	8.1e-05	10	12	0.78446
CHD7	12	1.0	1.0	1.0	515	0	0.94309	1.9631e-08	4.9535e-06	8.1e-05	11	12	0.94309
AGBL2	12	0.9998	0.99999	1.0	491	0	0.53281	2.4145e-08	4.9535e-06	8.1e-05	12	11	0.53281
TAF8	12	0.99999	1.0	1.0	502	0	0.84471	3.2118e-08	4.9535e-06	8.1e-05	13	12	0.84471
NAA38	12	0.99996	1.0	1.0	497	0	0.86695	4.7346e-08	4.9535e-06	8.1e-05	14	12	0.86695
ZFP36L2	12	1.0	1.0	1.0	514	0	0.60868	9.4781e-08	4.9535e-06	8.1e-05	15	12	0.60868
TEF	12	0.96778	0.99643	1.0	427	0	0.72568	1.0794e-07	4.9535e-06	8.1e-05	16	9	0.72568
DR1	12	1.0	1.0	1.0	513	0	0.69422	1.1145e-07	4.9535e-06	8.1e-05	17	12	0.69422
PIGS	12	1.0	1.0	1.0	507	0	0.59281	1.1517e-07	4.9535e-06	8.1e-05	18	12	0.59281
EBP	12	1.0	1.0	1.0	511	0	0.76432	1.1667e-07	4.9535e-06	8.1e-05	19	12	0.76432
PEX6	12	0.98539	0.99861	1.0	453	0	0.71822	2.154e-07	4.9535e-06	8.1e-05	20	11	0.71822
LSS	12	0.99996	1.0	1.0	499	0	0.71113	2.4786e-07	4.9535e-06	8.1e-05	21	12	0.71113
STRAP	12	0.90502	0.98951	1.0	373	1	0.7511	6.9912e-07	4.9535e-06	8.1e-05	22	9	0.7511
MGAT1	12	1.0	1.0	1.0	505	0	0.66499	7.3743e-07	4.9535e-06	8.1e-05	23	12	0.66499
RBM14	9	0.99457	0.9989	1.0	471	0	0.85037	9.3285e-07	4.9535e-06	8.1e-05	24	8	0.85037
DRAP1	12	1.0	1.0	1.0	504	0	0.84373	1.3756e-06	4.9535e-06	8.1e-05	25	12	0.84373
MRPL33	12	0.99919	0.99989	1.0	484	0	0.92437	1.4415e-06	4.9535e-06	8.1e-05	26	11	0.92437
EIF4A1	9	1.0	1.0	1.0	509	0	0.57868	1.5682e-06	1.486e-05	0.000236	27	9	0.57868
ARPC5L	12	1.0	1.0	1.0	508	0	0.54767	1.5817e-06	4.9535e-06	8.1e-05	28	12	0.54767
LRPPRC	12	0.99726	0.99975	1.0	477	0	0.81307	3.736e-06	4.9535e-06	8.1e-05	29	10	0.81307
PBRM1	12	0.93299	0.993	1.0	386	1	0.56381	4.1881e-06	4.9535e-06	8.1e-05	30	10	0.56381
KAT7	12	0.98945	0.99913	1.0	460	0	0.65403	4.4141e-06	4.9535e-06	8.1e-05	31	10	0.65403
ARID1A	12	0.98467	0.9985	1.0	451	0	0.78077	4.6288e-06	4.9535e-06	8.1e-05	32	10	0.78077
CCDC22	12	0.99999	1.0	1.0	503	0	0.46692	5.6731e-06	4.9535e-06	8.1e-05	33	12	0.46692
NDUFS3	9	0.99996	1.0	1.0	500	0	0.77466	1.8227e-05	2.4767e-05	0.000381	34	9	0.77466
MRPL11	12	0.91843	0.99076	1.0	380	1	0.6912	2.6728e-05	8.4209e-05	0.001129	35	11	0.6912
SIX4	12	0.99955	0.99992	1.0	486	0	0.55014	2.6881e-05	8.4209e-05	0.001129	36	11	0.55014
SMARCC1	12	0.99405	0.99957	1.0	469	0	0.62298	2.7377e-05	8.4209e-05	0.001129	37	11	0.62298
PGAP3	12	0.99997	1.0	1.0	501	0	0.41308	3.0953e-05	9.4116e-05	0.001231	38	12	0.41308
EIF3G	9	0.99996	1.0	1.0	498	0	0.44639	3.9509e-05	8.4209e-05	0.001129	39	9	0.44639
CCDC93	9	0.95177	0.9914	1.0	407	0	0.92396	4.5198e-05	8.4209e-05	0.001129	40	8	0.92396
SMAD7	12	0.99972	0.99998	1.0	488	0	0.38803	5.1554e-05	0.00011393	0.001419	41	11	0.38803
IBA57	12	0.99994	1.0	1.0	496	0	0.43772	5.5457e-05	0.00011393	0.001419	42	12	0.43772
VEZF1	12	0.99964	0.99996	1.0	487	0	0.59528	6.6934e-05	0.00012384	0.001506	43	11	0.59528
PET117	12	0.99778	0.99977	1.0	479	0	0.54694	8.3014e-05	0.00013374	0.001554	44	10	0.54694
CCDC101	12	0.99976	0.99998	1.0	490	0	0.62157	9.1645e-05	0.00013374	0.001554	45	11	0.62157
ATG4D	12	0.99989	1.0	1.0	495	0	0.37828	0.0001112	0.00014365	0.001599	46	12	0.37828
RPUSD4	12	0.99989	1.0	1.0	494	0	0.6588	0.000113	0.00014365	0.001599	47	12	0.6588
STK11	12	0.99986	0.99999	1.0	493	0	0.38918	0.00014012	0.00019319	0.002105	48	12	0.38918
PDCD10	12	0.98029	0.99816	1.0	447	0	0.66079	0.00020604	0.0003616	0.003782	49	11	0.66079
WDR82	12	0.93869	0.99411	1.0	390	1	0.63527	0.0002078	0.0003616	0.003782	50	11	0.63527
SOD1	12	0.80973	0.98682	1.0	346	1	0.6065	0.0002341	0.00039133	0.004013	51	9	0.6065
IRF9	12	0.99503	0.99967	1.0	474	0	0.37095	0.00026075	0.00058946	0.005929	52	11	0.37095
CERS6	12	0.99742	0.99975	1.0	478	0	0.5146	0.00028821	0.00061919	0.00611	53	9	0.5146
STK40	12	0.98589	0.99883	1.0	455	0	0.40334	0.00029916	0.00066872	0.006359	54	10	0.40334
DNLZ	12	0.51153	0.94505	1.0	233	3	0.51176	0.00029974	0.00066872	0.006359	55	9	0.51176
BARX1	12	0.99816	0.99978	1.0	481	0	0.42558	0.00050404	0.00088667	0.008281	56	10	0.42558
OTX1	12	0.91956	0.99108	1.0	381	1	0.39604	0.0005403	0.00090649	0.008317	57	10	0.39604
SQLE	12	0.99975	0.99998	1.0	489	0	0.47383	0.00055569	0.00096593	0.00871	58	11	0.47383
RXRB	12	0.96258	0.996	1.0	422	0	0.56992	0.00070419	0.0019467	0.017257	59	8	0.56992
MTF1	12	0.92095	0.99146	1.0	382	1	0.38964	0.00096031	0.0021548	0.018474	60	11	0.38964
DDX28	12	0.99982	0.99999	1.0	492	0	0.42936	0.0011077	0.0023232	0.019597	61	11	0.42936
CAMKK2	9	0.99876	0.99977	1.0	483	0	0.33211	0.0012428	0.0020656	0.018005	62	9	0.33211
ZBTB17	12	0.9875	0.99892	1.0	458	0	0.38705	0.0012434	0.0024123	0.019713	63	11	0.38705
UQCC1	12	0.96822	0.99644	1.0	429	0	0.41871	0.0012572	0.0024123	0.019713	64	9	0.41871
ZC3H4	12	0.94993	0.99473	1.0	401	1	0.6623	0.0016402	0.0032544	0.025789	65	9	0.6623
MBNL1	12	0.9984	0.99979	1.0	482	0	0.2711	0.0018211	0.0039677	0.030972	66	10	0.2711
ZNF236	9	0.50712	0.89096	1.0	228	1	0.63895	0.0019897	0.0030167	0.024273	67	8	0.63895
CCDC43	12	0.78071	0.98375	1.0	332	1	0.5067	0.0020929	0.0041163	0.03166	68	9	0.5067
TMEM214	12	0.5376	0.94901	1.0	244	2	0.44347	0.002584	0.0049882	0.037809	69	9	0.44347
SOX12	12	0.92499	0.99196	1.0	384	1	0.49493	0.0031591	0.0059888	0.044745	70	10	0.49493
OTX2	12	0.98681	0.99891	1.0	456	0	0.35824	0.0034114	0.0067615	0.049619	71	9	0.35824
ZNF219	12	0.74661	0.98028	1.0	318	1	0.47644	0.003552	0.0068309	0.049619	72	8	0.47644
NRBP1	12	0.95757	0.99556	1.0	416	0	0.38173	0.0040462	0.0081287	0.05745	73	10	0.38173
KLHDC3	12	0.77835	0.98374	1.0	331	1	0.30794	0.0045566	0.0088915	0.062003	74	9	0.30794
FADS2	12	0.84364	0.98736	1.0	354	1	0.52192	0.0049642	0.0098327	0.066786	75	9	0.52192
C21orf59	12	0.59187	0.95443	1.0	254	2	0.28271	0.0051155	0.0098327	0.066786	76	10	0.28271
PHB2	6	0.99387	0.99803	1.0	468	0	0.70119	0.0061344	0.00799	0.057243	77	6	0.70119
KMT2D	12	0.6471	0.95991	1.0	278	1	0.31182	0.0086296	0.014974	0.097966	78	10	0.31182
FARSA	9	0.68057	0.95353	1.0	284	1	0.4416	0.0086577	0.015093	0.097966	79	8	0.4416
GAPDH	12	0.99496	0.99966	1.0	472	0	0.30998	0.0087253	0.014974	0.097966	80	10	0.30998
IRF2BP2	12	0.9748	0.99753	1.0	436	0	0.28911	0.0089953	0.015173	0.097966	81	9	0.28911
RALGAPB	12	0.9979	0.99978	1.0	480	0	0.3332	0.011479	0.0208	0.132661	82	9	0.3332
MARVELD3	12	0.75453	0.98128	1.0	321	1	0.2752	0.012042	0.021067	0.132749	83	10	0.2752
GCOM1	12	0.99313	0.99953	1.0	467	0	0.32807	0.01252	0.022474	0.139927	84	9	0.32807
TNFRSF8	12	0.78172	0.98399	1.0	333	2	0.37173	0.013356	0.026169	0.158228	85	8	0.37173
VPS29	12	0.69253	0.97018	1.0	290	2	0.34669	0.013658	0.027239	0.158228	86	10	0.34669
ETV4	12	0.99208	0.99944	1.0	465	0	0.33996	0.013695	0.027249	0.158228	87	10	0.33996
ZFP36L1	12	0.60908	0.95584	1.0	262	1	0.33114	0.01404	0.027576	0.158228	88	10	0.33114
CCDC115	12	0.99633	0.99974	1.0	476	0	0.40153	0.014236	0.027725	0.158228	89	9	0.40153
FRY	12	0.99619	0.99974	1.0	475	0	0.31867	0.014367	0.027834	0.158228	90	8	0.31867
IGF2R	12	0.95921	0.99599	1.0	418	0	0.32222	0.014445	0.027834	0.158228	91	9	0.32222
FAM134C	12	0.78265	0.98399	1.0	334	2	0.19907	0.014748	0.027834	0.158228	92	7	0.19907
BCL6	12	0.98733	0.99892	1.0	457	0	0.41302	0.016299	0.029458	0.162231	93	7	0.41302
TMEM253	12	0.89462	0.98881	1.0	368	1	0.26001	0.016773	0.029468	0.162231	94	8	0.26001
HHEX	12	0.50894	0.94505	1.0	230	1	0.60277	0.01695	0.030885	0.164825	95	8	0.60277
NSA2	12	0.9668	0.99643	1.0	425	0	0.4017	0.01695	0.030885	0.164825	96	6	0.4017
BCAT2	12	0.97328	0.99726	1.0	433	0	0.38399	0.017116	0.030885	0.164825	97	7	0.38399
MLXIPL	12	0.48312	0.94202	1.0	222	3	0.40969	0.018241	0.034996	0.184016	98	7	0.40969
CREG2	12	0.15794	0.77367	1.0	113	3	0.28656	0.018507	0.035185	0.184016	99	9	0.28656
ZNF410	12	0.40008	0.91243	1.0	194	2	0.33632	0.020715	0.036354	0.188247	100	8	0.33632
FARSB	9	0.99503	0.99912	1.0	473	0	0.47294	0.021034	0.028438	0.159925	101	7	0.47294
FLAD1	12	0.88554	0.9888	1.0	367	1	0.33446	0.021392	0.039435	0.201343	102	8	0.33446
ELOF1	12	0.72086	0.97643	1.0	303	1	0.30252	0.022283	0.039653	0.201343	103	9	0.30252
MLLT1	12	0.94034	0.99445	1.0	392	1	0.20898	0.023257	0.043189	0.217193	104	9	0.20898
MPDU1	12	0.84738	0.98736	1.0	355	1	0.32424	0.025264	0.043665	0.217493	105	8	0.32424
TFRC	12	0.90102	0.98917	1.0	370	1	0.31998	0.026051	0.046805	0.230522	106	9	0.31998
MROH2A	12	0.99102	0.99934	1.0	461	0	0.23619	0.027009	0.047162	0.230522	107	9	0.23619
SALL2	12	0.78414	0.984	1.0	336	2	0.36652	0.027808	0.047984	0.232369	108	8	0.36652
SMARCA4	12	0.87208	0.98848	1.0	362	1	0.31762	0.028764	0.048609	0.23309	109	9	0.31762
POLE3	12	0.9657	0.996	1.0	423	0	0.38458	0.028999	0.049025	0.23309	110	8	0.38458
GRB2	12	0.70772	0.97354	1.0	297	1	0.32439	0.029732	0.04953	0.233371	111	9	0.32439
GPBP1L1	12	0.62778	0.95667	1.0	266	1	0.33136	0.030686	0.050035	0.233646	112	9	0.33136
CEBPA	12	0.73902	0.97915	1.0	315	1	0.32916	0.03185	0.052968	0.243001	113	8	0.32916
LOC646471	12	0.72119	0.97643	1.0	304	2	0.3486	0.031863	0.052968	0.243001	114	8	0.3486
MDH1	12	0.7682	0.98242	1.0	326	1	0.28907	0.032507	0.053602	0.243771	115	9	0.28907
FNTB	12	0.66894	0.96308	1.0	281	1	0.21151	0.034158	0.054087	0.243858	116	9	0.21151
LAS1L	9	0.9542	0.99231	1.0	411	0	0.38754	0.035148	0.085076	0.373906	117	7	0.38754
SETD1A	12	0.93639	0.99336	1.0	387	1	0.291	0.037208	0.056782	0.251669	118	9	0.291
ADAP1	12	0.95715	0.99531	1.0	414	0	0.25019	0.037247	0.056782	0.251669	119	6	0.25019
RPS9	9	0.43882	0.87492	1.0	204	2	0.36373	0.037561	0.090456	0.394236	120	5	0.36373
PDGFA	12	0.94796	0.99472	1.0	399	1	0.21186	0.039955	0.091981	0.397572	121	7	0.21186
SMARCA1	12	0.99952	0.99992	1.0	485	0	0.3445	0.04105	0.092972	0.39856	122	9	0.3445
BACH1	12	0.91317	0.99016	1.0	376	1	0.33936	0.044467	0.1039	0.440268	123	9	0.33936
B3GNT2	12	0.94981	0.99473	1.0	400	1	0.25621	0.045293	0.10438	0.440268	124	8	0.25621
CHD2	12	0.97597	0.99774	1.0	438	0	0.22552	0.049215	0.11319	0.473596	125	9	0.22552
FAM110D	12	0.67682	0.96613	1.0	283	2	0.27901	0.050745	0.11426	0.474278	126	8	0.27901
RRBP1	12	0.72231	0.97643	1.0	305	2	0.27079	0.052194	0.11702	0.475668	127	8	0.27079
PGM1	12	0.95379	0.9953	1.0	409	1	0.26874	0.052565	0.11703	0.475668	128	8	0.26874
PSMD12	12	0.51004	0.94505	1.0	231	2	0.31813	0.053384	0.11822	0.475668	129	9	0.31813
GTF3A	12	0.96866	0.99644	1.0	430	0	0.34331	0.053728	0.11823	0.475668	130	8	0.34331
CYP2C18	12	0.96596	0.99623	1.0	424	0	0.21164	0.057165	0.12159	0.485445	131	8	0.21164
NFYA	12	0.82969	0.98735	1.0	350	1	0.34725	0.057863	0.12354	0.487066	132	6	0.34725
FAM24B-CUZD1	12	0.6921	0.97018	1.0	289	1	0.31689	0.059704	0.12388	0.487066	133	8	0.31689
ITIH1	12	0.42419	0.92537	1.0	199	3	0.055424	0.060329	0.12479	0.487066	134	4	0.055424
SNAI3-AS1	12	0.95113	0.99473	1.0	405	1	0.20568	0.061768	0.12684	0.491403	135	8	0.20568
PAX9	12	0.97493	0.99753	1.0	437	0	0.27318	0.067719	0.14236	0.541507	136	8	0.27318
USP17L2	12	0.794	0.98594	1.0	343	2	0.23224	0.068592	0.14237	0.541507	137	8	0.23224
TFDP1	12	0.58514	0.95443	1.0	250	2	0.29664	0.069063	0.14554	0.547601	138	7	0.29664
CCS	12	0.95077	0.99473	1.0	404	1	0.26828	0.069711	0.14886	0.550992	139	7	0.26828
IQCF1	12	0.36123	0.90129	1.0	177	1	0.23859	0.073779	0.1496	0.550992	140	7	0.23859
TUT1	6	0.69794	0.89183	1.0	294	1	0.55867	0.078906	0.14288	0.541507	141	4	0.55867
RAP1GAP	12	0.95845	0.9958	1.0	417	0	0.21094	0.079733	0.15508	0.567176	142	8	0.21094
GAGE12B	6	0.82141	0.94142	1.0	347	0	0.3535	0.080186	0.14811	0.550992	143	4	0.3535
PMFBP1	12	0.013424	0.36995	1.0	61	6	-0.17571	0.084679	0.1725	0.617947	144	4	-0.17571
EPHA2	12	0.97847	0.99815	1.0	442	0	0.2115	0.085817	0.17251	0.617947	145	8	0.2115
CABIN1	12	0.75086	0.98091	1.0	320	1	0.21372	0.086563	0.17681	0.624825	146	8	0.21372
PPIC	12	0.63607	0.95781	1.0	272	2	0.25845	0.087008	0.17681	0.624825	147	8	0.25845
SCAMP2	12	0.92178	0.99146	1.0	383	1	0.21764	0.087187	0.18122	0.631833	148	8	0.21764
TRIM38	12	0.77547	0.98308	1.0	330	2	0.23171	0.088125	0.18123	0.631833	149	7	0.23171
MCM5	12	0.25431	0.85275	1.0	148	3	0.10228	0.089379	0.18242	0.631833	150	5	0.10228
COA6	12	0.55852	0.95193	1.0	246	2	0.20223	0.091828	0.18496	0.632243	151	7	0.20223
WDR18	12	0.98348	0.99839	1.0	449	0	0.2439	0.095688	0.19196	0.647719	152	7	0.2439
LOC105375800	12	0.23863	0.84809	1.0	141	3	0.31047	0.096267	0.19196	0.647719	153	8	0.31047
ELF4	12	0.97796	0.99815	1.0	441	0	0.22019	0.10025	0.19812	0.650354	154	8	0.22019
TAF2	9	0.70482	0.95636	1.0	296	1	0.19977	0.10488	0.17163	0.617947	155	4	0.19977
RPS6	6	0.68251	0.88942	1.0	286	1	0.54466	0.10529	0.18454	0.632243	156	4	0.54466
EGLN2	12	0.94161	0.99445	1.0	394	1	0.2079	0.10552	0.19977	0.650354	157	6	0.2079
PPP1R10	12	0.4423	0.92958	1.0	207	1	0.28698	0.10807	0.20211	0.650354	158	7	0.28698
ST3GAL4	12	0.43452	0.92853	1.0	201	1	0.23288	0.1093	0.20212	0.650354	159	8	0.23288
CAPZA1	12	0.97894	0.99815	1.0	444	0	0.16757	0.10993	0.20212	0.650354	160	8	0.16757
RAB20	12	0.6293	0.95719	1.0	268	1	0.18502	0.1112	0.20269	0.650354	161	8	0.18502
CHRND	12	0.34865	0.89881	1.0	173	2	0.21285	0.11301	0.20888	0.654367	162	8	0.21285
NXF5	12	0.69528	0.97079	1.0	292	1	0.24304	0.1131	0.20888	0.654367	163	8	0.24304
TMEM88	12	0.73466	0.97754	1.0	313	2	0.14653	0.11333	0.20889	0.654367	164	8	0.14653
RN7SK	6	0.9395	0.98418	1.0	391	0	0.37941	0.11548	0.20215	0.650354	165	4	0.37941
OR52B2	12	0.83154	0.98735	1.0	351	1	0.1283	0.11557	0.2109	0.654367	166	6	0.1283
FOXB1	12	0.95941	0.99599	1.0	419	0	0.24678	0.11615	0.21091	0.654367	167	8	0.24678
CPSF4	12	0.99415	0.99958	1.0	470	0	0.16851	0.11757	0.21145	0.654367	168	8	0.16851
TADA2A	12	0.64419	0.9599	1.0	276	2	0.22075	0.12233	0.23649	0.714926	169	6	0.22075
DNAJC5G	12	0.79148	0.98558	1.0	341	2	0.20915	0.1235	0.23834	0.714926	170	8	0.20915
TSPYL4	12	0.78351	0.98399	1.0	335	1	0.20611	0.1251	0.24085	0.714926	171	8	0.20611
RTEL1	9	0.36997	0.86223	1.0	185	2	0.37334	0.12691	0.20119	0.650354	172	6	0.37334
HNF1A	12	0.99188	0.99944	1.0	464	0	0.23014	0.12881	0.24347	0.714926	173	8	0.23014
LRRC8A	12	0.29211	0.87849	1.0	159	2	0.13033	0.13002	0.24514	0.714926	174	5	0.13033
ZC3H18	12	0.75763	0.98129	1.0	322	1	0.30891	0.1313	0.24609	0.714926	175	7	0.30891
TRPM4	12	0.72365	0.97644	1.0	306	2	0.053289	0.1323	0.2461	0.714926	176	5	0.053289
MCCC2	12	0.99124	0.99939	1.0	462	0	0.21753	0.13283	0.24646	0.714926	177	8	0.21753
EIF5A	12	0.97861	0.99815	1.0	443	0	0.28988	0.13343	0.24647	0.714926	178	8	0.28988
MIR100HG	12	0.13805	0.74655	1.0	109	2	0.19271	0.13475	0.24758	0.714926	179	8	0.19271
ZNF833P	12	0.97276	0.99725	1.0	432	0	0.23029	0.13632	0.24878	0.714926	180	8	0.23029
COPS4	12	0.74025	0.97916	1.0	316	2	0.10032	0.13663	0.24878	0.714926	181	6	0.10032
SPAG7	12	0.93773	0.9941	1.0	389	1	0.22504	0.13766	0.24879	0.714926	182	8	0.22504
RBM22	12	0.52725	0.94699	1.0	242	3	0.10465	0.13981	0.25123	0.717985	183	6	0.10465
SURF1	12	0.73335	0.97754	1.0	312	2	0.2558	0.1401	0.255	0.718317	184	7	0.2558
FNDC3B	12	0.15966	0.78013	1.0	116	4	0.047126	0.14194	0.26028	0.718317	185	6	0.047126
SIX5	12	0.47971	0.94201	1.0	219	1	0.1978	0.14387	0.2612	0.718317	186	8	0.1978
HIST1H2BG	12	0.74365	0.98027	1.0	317	2	0.21469	0.14651	0.26264	0.718317	187	6	0.21469
SENP3-EIF4A1	12	0.71415	0.97437	1.0	301	2	0.13151	0.14878	0.26501	0.718317	188	5	0.13151
ZNF3	12	0.94592	0.99446	1.0	398	1	0.23346	0.15025	0.26647	0.718317	189	8	0.23346
DNAH17	12	0.87121	0.98848	1.0	361	1	0.19178	0.15077	0.26647	0.718317	190	8	0.19178
PACRGL	12	0.57775	0.95442	1.0	249	2	0.23619	0.15681	0.26776	0.718317	191	8	0.23619
SLC29A2	12	0.51901	0.94571	1.0	237	3	0.051228	0.15794	0.26776	0.718317	192	5	0.051228
SMARCE1	12	0.97389	0.99752	1.0	435	0	0.20683	0.15935	0.26853	0.718317	193	8	0.20683
CYB5D1	12	0.99167	0.99943	1.0	463	0	0.1444	0.15976	0.2692	0.718317	194	8	0.1444
HIST1H2BC	12	0.90259	0.98918	1.0	372	1	0.17817	0.16013	0.2692	0.718317	195	6	0.17817
ZNF207	9	0.96769	0.99517	1.0	426	0	0.31772	0.16088	0.25705	0.718317	196	6	0.31772
CHAF1B	12	0.86246	0.98785	1.0	358	1	0.20028	0.17008	0.27424	0.727286	197	7	0.20028
POMGNT2	12	0.93107	0.99264	1.0	385	1	0.15633	0.17164	0.27534	0.727286	198	7	0.15633
SIX6	12	0.98784	0.99898	1.0	459	0	0.19368	0.17358	0.27758	0.729515	199	7	0.19368
UBA2	12	0.36161	0.90129	1.0	179	3	0.035935	0.18055	0.28073	0.730454	200	6	0.035935
ZFPM1	12	0.73596	0.97813	1.0	314	2	0.16761	0.18072	0.28073	0.730454	201	6	0.16761
IREB2	12	0.68629	0.96854	1.0	288	1	0.22808	0.18423	0.29013	0.74748	202	7	0.22808
FAM20A	12	0.79003	0.98525	1.0	339	2	0.17772	0.18643	0.29013	0.74748	203	7	0.17772
CARM1	12	0.69718	0.97129	1.0	293	1	0.2036	0.19408	0.29994	0.76896	204	7	0.2036
ARFRP1	12	0.61587	0.95666	1.0	264	2	0.051187	0.20099	0.30524	0.771071	205	3	0.051187
CYC1	12	0.09744	0.69223	1.0	99	3	0.20493	0.20203	0.30524	0.771071	206	7	0.20493
UCKL1-AS1	6	0.5699	0.8741	1.0	248	1	0.22933	0.20437	0.30679	0.771071	207	4	0.22933
WDHD1	12	0.91155	0.99016	1.0	375	1	0.043058	0.20519	0.30743	0.771071	208	4	0.043058
SCX	12	0.52274	0.94571	1.0	239	3	0.0375	0.20806	0.3096	0.771071	209	4	0.0375
RSRP1	12	0.62917	0.95719	1.0	267	2	0.16755	0.2137	0.30961	0.771071	210	7	0.16755
RALGAPA2	12	0.86338	0.98785	1.0	359	1	0.26616	0.21733	0.3313	0.813508	211	7	0.26616
TEN1	12	0.95036	0.99473	1.0	402	1	0.18554	0.21862	0.33131	0.813508	212	5	0.18554
SUMO2	12	0.096106	0.69222	1.0	98	4	-0.092067	0.21933	0.33131	0.813508	213	4	-0.092067
SIRT5	12	0.22483	0.84496	1.0	135	4	0.24969	0.22368	0.34202	0.823917	214	7	0.24969
CBX2	12	0.26097	0.86127	1.0	151	2	0.13212	0.22483	0.34202	0.823917	215	5	0.13212
FAM65A	12	0.91805	0.99076	1.0	379	1	0.19746	0.22673	0.34203	0.823917	216	7	0.19746
MIR5089	6	0.79097	0.93109	1.0	340	0	0.23401	0.22726	0.33872	0.823917	217	3	0.23401
CITED2	12	0.20823	0.82858	1.0	128	4	0.076388	0.22745	0.34343	0.823917	218	5	0.076388
LOC100996351	9	0.59751	0.93643	1.0	256	2	0.1014	0.23026	0.39747	0.915763	219	4	0.1014
RNF113A	12	0.6585	0.96244	1.0	279	2	0.2191	0.23044	0.34988	0.835557	220	6	0.2191
CUL7	12	0.90907	0.98952	1.0	374	1	0.13535	0.23396	0.35365	0.840732	221	6	0.13535
FRYL	12	0.45702	0.93526	1.0	214	3	0.19184	0.23765	0.35761	0.842494	222	7	0.19184
HIST1H3F	12	0.32404	0.88928	1.0	166	1	0.050478	0.23926	0.35762	0.842494	223	5	0.050478
IRS4	12	0.48978	0.94379	1.0	223	2	0.16962	0.23987	0.36269	0.850612	224	7	0.16962
ARPC4	12	0.72493	0.97644	1.0	307	1	-0.041229	0.24543	0.37423	0.87308	225	4	-0.041229
ZNF281	12	0.98374	0.99839	1.0	450	0	0.1681	0.24604	0.37561	0.87308	226	6	0.1681
TAOK1	12	0.74785	0.98028	1.0	319	2	0.15369	0.24844	0.37817	0.875155	227	7	0.15369
ZNF233	12	0.71139	0.97355	1.0	300	2	0.19412	0.25119	0.40139	0.920723	228	6	0.19412
EGFR	12	0.4978	0.9438	1.0	224	3	0.075483	0.2538	0.40677	0.922829	229	4	0.075483
CCNI2	12	0.79875	0.98595	1.0	344	1	0.1645	0.25506	0.40759	0.922829	230	7	0.1645
RNASEK-C17orf49	12	0.51233	0.94505	1.0	234	3	0.11624	0.25576	0.4076	0.922829	231	6	0.11624
YTHDC1	12	0.71643	0.97528	1.0	302	2	0.17924	0.25834	0.42158	0.942263	232	6	0.17924
GPR4	12	0.97335	0.99726	1.0	434	0	0.16488	0.25849	0.42158	0.942263	233	7	0.16488
CDKN2A-AS1	12	0.51867	0.94571	1.0	236	1	0.15922	0.2599	0.42159	0.942263	234	7	0.15922
ACAT2	12	0.99289	0.99953	1.0	466	0	0.17506	0.26142	0.42412	0.943898	235	7	0.17506
TMEM50A	12	0.97998	0.99816	1.0	446	0	0.21215	0.26377	0.42676	0.945739	236	7	0.21215
AGPAT6	12	0.96794	0.99644	1.0	428	0	0.12524	0.26965	0.42917	0.947061	237	6	0.12524
ZNF99	12	0.70254	0.97183	1.0	295	2	0.16531	0.27671	0.43242	0.947377	238	7	0.16531
USP22	12	0.59942	0.95511	1.0	258	1	0.14506	0.27784	0.43473	0.947377	239	7	0.14506
MYBBP1A	12	0.86742	0.98848	1.0	360	1	0.20461	0.27856	0.43474	0.947377	240	7	0.20461
RFX8	12	0.36857	0.90406	1.0	184	3	0.10206	0.27932	0.43701	0.948369	241	5	0.10206
TAF10	9	0.63255	0.94531	1.0	270	1	0.065715	0.29053	0.44181	0.954813	242	4	0.065715
TCP10	12	0.9807	0.99816	1.0	448	0	0.15458	0.29127	0.48297	1.0	243	7	0.15458
ABCG5	12	0.36232	0.9013	1.0	181	2	0.21747	0.30131	0.50127	1.0	244	7	0.21747
ZNF177	12	0.63787	0.95782	1.0	273	2	0.084616	0.30155	0.50127	1.0	245	5	0.084616
TNFRSF4	12	0.63949	0.95782	1.0	274	2	0.13478	0.30164	0.50127	1.0	246	6	0.13478
DMTF1	12	0.5075	0.94504	1.0	229	3	0.018618	0.30269	0.50127	1.0	247	4	0.018618
CTU2	12	0.63571	0.95781	1.0	271	2	0.067228	0.30672	0.50433	1.0	248	5	0.067228
PHF23	12	0.33348	0.89236	1.0	168	3	0.050929	0.30809	0.51604	1.0	249	4	0.050929
CNN1	12	0.96146	0.99599	1.0	421	0	0.14509	0.30849	0.51604	1.0	250	6	0.14509
ZNF484	12	0.20452	0.82441	1.0	127	4	0.20053	0.30909	0.51834	1.0	251	6	0.20053
YY1	12	0.27142	0.86938	1.0	152	4	0.10106	0.31077	0.52048	1.0	252	3	0.10106
CSDE1	12	0.035379	0.51091	1.0	71	6	0.0024681	0.31311	0.521	1.0	253	5	0.0024681
PXK	12	0.9017	0.98918	1.0	371	1	0.2192	0.31761	0.5269	1.0	254	7	0.2192
SLC25A40	12	0.94203	0.99445	1.0	395	1	0.20908	0.31866	0.52691	1.0	255	6	0.20908
LINC01483	12	0.34664	0.8979	1.0	172	3	0.14578	0.32194	0.52944	1.0	256	6	0.14578
PRR3	12	0.76216	0.98173	1.0	324	2	0.14897	0.32598	0.53327	1.0	257	7	0.14897
AGPAT4	12	0.18943	0.80956	1.0	122	2	0.17863	0.32605	0.53328	1.0	258	6	0.17863
DNAH1	12	0.78784	0.98459	1.0	338	2	0.12192	0.32667	0.53328	1.0	259	5	0.12192
HGFAC	12	0.64199	0.95861	1.0	275	2	0.12219	0.3304	0.5355	1.0	260	7	0.12219
HARBI1	12	0.73073	0.97753	1.0	309	2	0.16663	0.33121	0.5355	1.0	261	7	0.16663
BPTF	12	0.32297	0.88871	1.0	165	3	-0.023354	0.33275	0.53551	1.0	262	4	-0.023354
ZFP69	12	0.95951	0.99599	1.0	420	0	-0.077726	0.33487	0.53624	1.0	263	5	-0.077726
BRD2	12	0.79259	0.98594	1.0	342	1	0.19099	0.33647	0.53712	1.0	264	7	0.19099
USP32P2	12	0.87293	0.98848	1.0	364	1	0.22703	0.33709	0.53781	1.0	265	6	0.22703
AKAP9	12	0.32141	0.88815	1.0	164	2	0.13314	0.33931	0.53873	1.0	266	7	0.13314
LYL1	12	0.88107	0.98849	1.0	366	1	0.0282	0.34095	0.53874	1.0	267	4	0.0282
ZBTB11	9	0.36529	0.86223	1.0	182	2	0.26654	0.34642	0.48899	1.0	268	5	0.26654
DCPS	12	0.97993	0.99816	1.0	445	0	0.1703	0.34949	0.55683	1.0	269	6	0.1703
A1BG-AS1	12	0.95523	0.9953	1.0	412	0	0.11178	0.35438	0.55894	1.0	270	5	0.11178
CNPY3	12	0.52442	0.94698	1.0	240	2	0.1116	0.35616	0.55894	1.0	271	6	0.1116
GAGE1	12	0.24055	0.84809	1.0	144	4	0.10687	0.36304	0.56223	1.0	272	4	0.10687
B4GALT2	12	0.6459	0.95991	1.0	277	2	0.044361	0.36372	0.56224	1.0	273	5	0.044361
SP2-AS1	12	0.069923	0.63385	1.0	82	4	0.14836	0.36423	0.56339	1.0	274	6	0.14836
HTRA1	12	0.77066	0.98243	1.0	327	1	0.095778	0.3696	0.56618	1.0	275	6	0.095778
ZNF146	12	0.76495	0.98207	1.0	325	2	0.1007	0.3715	0.56618	1.0	276	6	0.1007
CSK	12	0.2244	0.84496	1.0	134	4	-0.055292	0.37253	0.56618	1.0	277	5	-0.055292
CDIPT	12	0.2441	0.85101	1.0	145	4	0.029762	0.37606	0.56619	1.0	278	3	0.029762
RFX7	12	0.97733	0.99815	1.0	440	0	0.10999	0.38022	0.56796	1.0	279	3	0.10999
HIST1H2BF	12	0.36182	0.90129	1.0	180	3	0.091265	0.38461	0.57108	1.0	280	6	0.091265
DAGLA	12	0.50077	0.9438	1.0	226	3	0.05282	0.38818	0.57195	1.0	281	4	0.05282
MAU2	12	0.049844	0.56952	1.0	79	5	0.0061138	0.39297	0.5829	1.0	282	5	0.0061138
SRCAP	12	0.51616	0.9457	1.0	235	2	-0.026869	0.39446	0.58427	1.0	283	4	-0.026869
LIN52	12	0.16305	0.78146	1.0	117	4	0.0086487	0.40008	0.58494	1.0	284	4	0.0086487
TIGD5	12	0.44123	0.92854	1.0	206	2	0.13655	0.41087	0.59049	1.0	285	6	0.13655
LOC100270746	12	0.45701	0.93526	1.0	213	2	0.14802	0.41269	0.5905	1.0	286	6	0.14802
ZNF626	12	0.23879	0.84809	1.0	142	4	0.12755	0.4159	0.59935	1.0	287	5	0.12755
KAT8	9	0.090612	0.60726	1.0	91	4	0.12461	0.41835	0.55951	1.0	288	4	0.12461
GMEB1	12	0.6319	0.9572	1.0	269	2	0.16021	0.42211	0.60148	1.0	289	6	0.16021
CHP1	12	0.14765	0.76278	1.0	110	3	0.040951	0.42322	0.60268	1.0	290	5	0.040951
HOXD13	12	0.67231	0.96441	1.0	282	2	0.21059	0.42389	0.60269	1.0	291	6	0.21059
RPS25	12	0.011095	0.34457	1.0	60	4	0.074509	0.4275	0.60537	1.0	292	5	0.074509
VOPP1	12	0.43709	0.92853	1.0	203	2	0.033619	0.43004	0.60666	1.0	293	5	0.033619
SPI1	12	0.33263	0.89235	1.0	167	3	0.010378	0.43147	0.608	1.0	294	5	0.010378
ARID4B	12	0.96928	0.99644	1.0	431	0	0.12003	0.43337	0.608	1.0	295	6	0.12003
SREBF2	12	0.45323	0.93295	1.0	212	2	0.080034	0.43709	0.6107	1.0	296	5	0.080034
LOC105371789	6	0.46134	0.83132	1.0	215	1	0.10707	0.43839	0.57644	1.0	297	3	0.10707
ZIM2	12	0.95401	0.9953	1.0	410	1	0.13068	0.43867	0.61157	1.0	298	6	0.13068
ISX-AS1	12	0.95125	0.99473	1.0	406	1	0.012192	0.44427	0.61158	1.0	299	4	0.012192
HNRNPU	12	0.19156	0.81102	1.0	124	4	0.03871	0.44593	0.61158	1.0	300	6	0.03871
OSGIN1	12	0.28903	0.87733	1.0	158	2	0.10784	0.44871	0.6129	1.0	301	4	0.10784
PHF20	12	0.95036	0.99473	1.0	403	1	0.2254	0.44984	0.6129	1.0	302	6	0.2254
GNAT2	12	0.59119	0.95443	1.0	253	1	0.11383	0.45195	0.61291	1.0	303	6	0.11383
SLC35F5	12	0.55044	0.94971	1.0	245	2	0.014869	0.45265	0.61291	1.0	304	4	0.014869
RFX1	12	0.73117	0.97753	1.0	310	2	0.069992	0.45564	0.61608	1.0	305	4	0.069992
DMPK	12	0.39655	0.91133	1.0	192	2	0.080851	0.45728	0.61608	1.0	306	6	0.080851
DMRTA2	12	0.97706	0.99815	1.0	439	0	0.12271	0.45994	0.61609	1.0	307	6	0.12271
ICAM3	12	0.77316	0.98307	1.0	328	2	0.10943	0.46083	0.61609	1.0	308	6	0.10943
RDH14	12	0.3863	0.90632	1.0	188	3	0.16354	0.46638	0.61954	1.0	309	6	0.16354
ZMAT5	12	0.020129	0.4205	1.0	65	5	0.14331	0.46682	0.61954	1.0	310	6	0.14331
ZKSCAN8	12	0.84105	0.98736	1.0	353	1	0.11166	0.46706	0.62059	1.0	311	6	0.11166
C16orf62	12	0.94133	0.99445	1.0	393	1	0.14802	0.46715	0.62059	1.0	312	5	0.14802
HERPUD2	12	0.94434	0.99446	1.0	397	1	0.073859	0.46775	0.62059	1.0	313	5	0.073859
LINC01602	3	0.72604	0.86267	1.0	308	0	0.22211	0.47269	0.52188	1.0	314	2	0.22211
THOP1	12	0.78581	0.984	1.0	337	1	-0.0211	0.4816	0.62524	1.0	315	5	-0.0211
SRGAP2	12	0.018522	0.40996	1.0	64	6	-0.15702	0.48486	0.62764	1.0	316	3	-0.15702
KIAA0895	12	0.89462	0.98881	1.0	369	1	0.19743	0.48515	0.62764	1.0	317	5	0.19743
HIST1H2BK	12	0.48312	0.94202	1.0	221	3	0.13143	0.48839	0.62765	1.0	318	6	0.13143
CASR	9	0.38003	0.86224	1.0	187	2	0.068815	0.49067	0.62003	1.0	319	4	0.068815
PARP3	12	0.68622	0.96854	1.0	287	2	0.07005	0.4911	0.62881	1.0	320	5	0.07005
WFDC1	12	0.95299	0.99498	1.0	408	1	0.097905	0.49417	0.6331	1.0	321	6	0.097905
TM4SF5	12	0.38698	0.90632	1.0	189	2	0.11621	0.49506	0.64104	1.0	322	6	0.11621
WWP1	12	0.30228	0.88175	1.0	160	3	0.14118	0.4964	0.64292	1.0	323	6	0.14118
DYNLL1	12	0.80261	0.9862	1.0	345	1	0.072224	0.49703	0.64292	1.0	324	5	0.072224
ZNF506	12	0.13093	0.74469	1.0	107	4	0.10244	0.50218	0.64663	1.0	325	6	0.10244
HIST1H2BH	12	0.82518	0.98735	1.0	348	1	0.0059897	0.51206	0.65546	1.0	326	4	0.0059897
TIPARP	12	0.36632	0.90406	1.0	183	3	0.090522	0.51262	0.65546	1.0	327	5	0.090522
ADNP	12	0.59697	0.95511	1.0	255	2	0.06334	0.51867	0.66027	1.0	328	5	0.06334
GPS2	12	0.37251	0.90407	1.0	186	3	0.0010163	0.52251	0.66272	1.0	329	5	0.0010163
OR13C2	12	0.94367	0.99446	1.0	396	1	0.090987	0.5267	0.66994	1.0	330	5	0.090987
MID1	12	0.86154	0.98785	1.0	357	1	0.10404	0.52917	0.66995	1.0	331	5	0.10404
KMT2A	12	0.13611	0.74655	1.0	108	4	0.024347	0.53279	0.68414	1.0	332	5	0.024347
C9orf163	12	0.36126	0.90129	1.0	178	3	0.066136	0.53666	0.68752	1.0	333	5	0.066136
MEIKIN	12	0.35563	0.90021	1.0	175	3	0.15343	0.53846	0.68869	1.0	334	5	0.15343
ATF4	12	0.61811	0.95666	1.0	265	2	-0.041749	0.53945	0.69189	1.0	335	2	-0.041749
TBC1D29	12	0.43916	0.92854	1.0	205	2	0.13807	0.54117	0.69189	1.0	336	6	0.13807
SLC4A1AP	12	0.042838	0.53913	1.0	77	4	0.10253	0.54252	0.69189	1.0	337	5	0.10253
ZNF512B	12	0.48074	0.94201	1.0	220	1	0.068706	0.54476	0.69189	1.0	338	5	0.068706
PKLR	12	0.036715	0.51532	1.0	74	4	0.025683	0.54492	0.69189	1.0	339	3	0.025683
MSI2	12	0.60341	0.95512	1.0	260	2	0.15091	0.54602	0.6919	1.0	340	6	0.15091
H1F0	12	0.3517	0.89882	1.0	174	3	0.029289	0.55524	0.70209	1.0	341	5	0.029289
AP2M1	12	5.331e-05	0.023584	0.401889	28	9	-0.31977	0.55674	0.70869	1.0	342	1	-0.31977
TEFM	12	0.23073	0.84808	1.0	140	2	0.084685	0.55832	0.70869	1.0	343	6	0.084685
MBOAT7	12	0.21933	0.83792	1.0	132	3	-0.016043	0.55834	0.70869	1.0	344	3	-0.016043
TGIF1	12	0.91574	0.99042	1.0	377	1	0.0722	0.55847	0.70869	1.0	345	5	0.0722
HIST1H2BI	12	0.27902	0.8765	1.0	154	4	0.12904	0.56358	0.71145	1.0	346	6	0.12904
EWSR1	12	0.51099	0.94505	1.0	232	3	-0.015429	0.56647	0.71396	1.0	347	4	-0.015429
AP5Z1	12	0.15462	0.77366	1.0	112	4	-0.025775	0.57376	0.72226	1.0	348	5	-0.025775
LOC100131626	9	0.11347	0.66032	1.0	104	4	0.01271	0.57491	0.72754	1.0	349	3	0.01271
CAB39	12	0.50185	0.9438	1.0	227	3	0.1415	0.58276	0.72339	1.0	350	5	0.1415
OLR1	12	0.98491	0.9985	1.0	452	0	0.058204	0.58856	0.7295	1.0	351	5	0.058204
RHOB	12	0.10194	0.70354	1.0	100	4	0.060218	0.59119	0.73039	1.0	352	4	0.060218
ZNF860	12	0.38714	0.90632	1.0	190	3	-0.022715	0.59309	0.7316	1.0	353	5	-0.022715
ARCN1	12	0.41064	0.91942	1.0	197	2	0.1143	0.59368	0.73161	1.0	354	4	0.1143
EML2	12	0.16777	0.78525	1.0	118	3	0.038683	0.59527	0.73825	1.0	355	5	0.038683
TREM1	12	0.95726	0.99531	1.0	415	0	0.052723	0.60359	0.74707	1.0	356	4	0.052723
ABCA1	12	0.85717	0.98756	1.0	356	1	0.088816	0.604	0.74707	1.0	357	5	0.088816
LOC102723582	3	0.55992	0.75368	1.0	247	0	-0.025467	0.60578	0.57366	1.0	358	1	-0.025467
DEF6	12	0.44455	0.93189	1.0	209	3	-0.043628	0.6085	0.74825	1.0	359	4	-0.043628
GNB2L1	12	0.41859	0.92192	1.0	198	3	0.13116	0.61297	0.75557	1.0	360	5	0.13116
TMEM138	12	0.22787	0.84586	1.0	138	2	0.10787	0.61599	0.75558	1.0	361	5	0.10787
DNAJB14	12	0.17071	0.78684	1.0	119	4	-0.033857	0.61699	0.75558	1.0	362	2	-0.033857
NFYC	12	0.015603	0.38897	1.0	63	6	-0.12232	0.6245	0.76636	1.0	363	4	-0.12232
OST4	12	0.0045996	0.22616	1.0	51	7	-0.24187	0.6278	0.77084	1.0	364	2	-0.24187
HOXC6	12	0.66417	0.96307	1.0	280	2	-0.0074442	0.63156	0.77187	1.0	365	1	-0.0074442
CUL5	12	0.95534	0.99531	1.0	413	0	0.11989	0.63423	0.77817	1.0	366	5	0.11989
ZC3H11A	12	0.45082	0.93294	1.0	211	2	-0.039904	0.64	0.78407	1.0	367	5	-0.039904
SETDB1	12	0.34328	0.89789	1.0	170	3	0.10132	0.64861	0.79759	1.0	368	5	0.10132
ZNF217	12	0.44816	0.93294	1.0	210	3	-0.041783	0.64872	0.79759	1.0	369	4	-0.041783
CPSF7	12	0.091109	0.68453	1.0	92	4	0.023988	0.65009	0.79873	1.0	370	4	0.023988
PPCDC	12	0.70955	0.97355	1.0	299	2	0.056026	0.65417	0.79983	1.0	371	5	0.056026
P4HA2-AS1	12	0.25393	0.85275	1.0	147	4	-0.069947	0.65888	0.802	1.0	372	4	-0.069947
PDE1A	12	0.30644	0.88281	1.0	162	3	0.02701	0.66342	0.80634	1.0	373	1	0.02701
WRAP53	12	0.73248	0.97754	1.0	311	2	0.052098	0.66594	0.80815	1.0	374	4	0.052098
CCHCR1	12	0.071662	0.63507	1.0	84	5	-0.067236	0.66688	0.81218	1.0	375	4	-0.067236
MIER3	12	0.47025	0.93874	1.0	216	3	0.0079993	0.66756	0.81218	1.0	376	3	0.0079993
ZC3H13	12	0.47519	0.94097	1.0	217	3	-0.066019	0.67382	0.82058	1.0	377	2	-0.066019
USF1	12	0.52633	0.94699	1.0	241	2	0.079683	0.67984	0.83099	1.0	378	5	0.079683
LOC101930085	9	0.91603	0.98464	1.0	378	0	0.062801	0.68123	0.78915	1.0	379	3	0.062801
LOC100506990	9	0.33573	0.85712	1.0	169	2	0.041835	0.68772	0.79928	1.0	380	2	0.041835
HAPLN4	12	0.44316	0.92959	1.0	208	3	0.071396	0.69307	0.83392	1.0	381	5	0.071396
TRAPPC2L	12	0.35998	0.90022	1.0	176	3	0.035256	0.69528	0.83393	1.0	382	4	0.035256
SYTL3	12	0.43034	0.92736	1.0	200	3	-0.042403	0.70465	0.83991	1.0	383	4	-0.042403
HAVCR1	12	0.27717	0.87407	1.0	153	4	-0.05122	0.7069	0.83992	1.0	384	5	-0.05122
MED26	12	0.32116	0.88815	1.0	163	3	0.041568	0.70918	0.83992	1.0	385	5	0.041568
SNX19	12	0.83663	0.98735	1.0	352	1	0.035644	0.71011	0.83992	1.0	386	5	0.035644
GID4	12	0.21202	0.82859	1.0	130	4	0.062528	0.7124	0.84137	1.0	387	5	0.062528
EXOC7	12	0.015386	0.38768	1.0	62	6	-0.13846	0.72319	0.84991	1.0	388	2	-0.13846
ATP6V1G2	12	0.43592	0.92853	1.0	202	3	0.11126	0.72638	0.85245	1.0	389	5	0.11126
SUSD5	12	0.25297	0.85275	1.0	146	3	0.092957	0.72859	0.85316	1.0	390	5	0.092957
MTA2	12	0.39164	0.90868	1.0	191	3	0.028117	0.72894	0.85387	1.0	391	4	0.028117
POC5	12	0.091794	0.68453	1.0	93	5	-0.022264	0.73732	0.85904	1.0	392	5	-0.022264
RBM10	12	0.17226	0.78841	1.0	120	4	-0.073902	0.74238	0.86111	1.0	393	3	-0.073902
YBX2	12	0.20928	0.82858	1.0	129	4	0.039913	0.74338	0.86284	1.0	394	4	0.039913
KDM3B	12	0.40934	0.91942	1.0	195	3	0.038326	0.745	0.86469	1.0	395	3	0.038326
INSIG2	12	0.52167	0.94571	1.0	238	3	0.12879	0.74742	0.86609	1.0	396	4	0.12879
ATP13A1	12	0.048295	0.54925	1.0	78	5	0.046744	0.74802	0.86609	1.0	397	5	0.046744
KDM6A	12	0.77405	0.98307	1.0	329	1	0.1142	0.74911	0.8661	1.0	398	4	0.1142
NCOA3	12	0.081995	0.65194	1.0	87	4	0.071658	0.74978	0.86699	1.0	399	5	0.071658
COX5A	12	0.15186	0.76932	1.0	111	4	-0.040916	0.75086	0.8677	1.0	400	3	-0.040916
GTF2E2	9	0.0052627	0.19581	1.0	53	5	-0.29631	0.75135	0.82792	1.0	401	2	-0.29631
ACTR3	12	0.26025	0.86127	1.0	150	4	0.053014	0.7553	0.86832	1.0	402	4	0.053014
HNF4A	12	0.011095	0.34457	1.0	59	6	-0.26548	0.75556	0.86832	1.0	403	2	-0.26548
UBR2	12	0.17342	0.78842	1.0	121	4	-0.096728	0.75714	0.86833	1.0	404	3	-0.096728
SEC1P	12	0.086073	0.66872	1.0	90	4	0.016677	0.7597	0.86901	1.0	405	3	0.016677
PLCG1-AS1	12	0.085249	0.66703	1.0	89	4	-0.027081	0.76067	0.86901	1.0	406	4	-0.027081
RPP14	12	0.28087	0.8765	1.0	155	4	-0.19222	0.7624	0.86901	1.0	407	4	-0.19222
CLEC3B	12	0.76069	0.98129	1.0	323	1	0.03538	0.76721	0.87142	1.0	408	3	0.03538
EXOC2	12	0.00069963	0.085046	0.988428	43	7	-0.28261	0.77006	0.87143	1.0	409	2	-0.28261
TOP1	12	0.040356	0.53492	1.0	76	5	-0.016946	0.77188	0.87218	1.0	410	4	-0.016946
FAM71B	12	0.47574	0.94098	1.0	218	3	-0.0042688	0.77829	0.87292	1.0	411	4	-0.0042688
PRMT1	12	0.22745	0.84586	1.0	137	4	-0.082812	0.78191	0.87365	1.0	412	2	-0.082812
APOE	12	0.19873	0.8173	1.0	125	3	0.11108	0.78526	0.87543	1.0	413	4	0.11108
PPIL2	12	0.28494	0.87651	1.0	157	3	-0.1491	0.78855	0.87715	1.0	414	3	-0.1491
PSORS1C3	12	0.69337	0.97019	1.0	291	2	0.045305	0.79064	0.87884	1.0	415	4	0.045305
ZNF300	12	0.82745	0.98735	1.0	349	1	0.070156	0.79914	0.88199	1.0	416	4	0.070156
SPDEF	12	0.022844	0.43649	1.0	67	5	-0.08176	0.8016	0.882	1.0	417	3	-0.08176
ZNF131	9	0.035776	0.42682	1.0	72	4	0.021457	0.81381	0.86619	1.0	418	3	0.021457
COPS2	12	0.49915	0.9438	1.0	225	3	0.072899	0.81548	0.88813	1.0	419	4	0.072899
EPB41	12	0.53332	0.94901	1.0	243	3	-0.017456	0.81694	0.88882	1.0	420	4	-0.017456
UVRAG	12	0.094217	0.69052	1.0	97	5	-0.078055	0.8178	0.88883	1.0	421	2	-0.078055
MCM3	12	0.11411	0.72486	1.0	105	5	0.064282	0.82055	0.8906	1.0	422	4	0.064282
EEF1DP3	6	0.58687	0.87652	1.0	251	1	0.039176	0.82532	0.83242	1.0	423	2	0.039176
VPS72	12	0.10204	0.70354	1.0	101	3	-0.14665	0.82651	0.89155	1.0	424	3	-0.14665
XBP1	12	0.20322	0.8244	1.0	126	4	-0.054382	0.82657	0.89156	1.0	425	2	-0.054382
YJEFN3	12	0.19051	0.80957	1.0	123	4	-0.029491	0.82869	0.893	1.0	426	4	-0.029491
CTCF	12	0.15853	0.77367	1.0	114	4	-0.027147	0.83299	0.89476	1.0	427	3	-0.027147
GMPPB	12	0.6808	0.96726	1.0	285	2	0.053316	0.83505	0.89655	1.0	428	4	0.053316
STAM	12	0.60347	0.95512	1.0	261	2	-0.054623	0.84401	0.90487	1.0	429	3	-0.054623
COPS3	12	0.23932	0.84809	1.0	143	2	0.024281	0.85081	0.91161	1.0	430	3	0.024281
TP53	12	0.60911	0.95584	1.0	263	2	0.041668	0.85164	0.91162	1.0	431	3	0.041668
VHL	12	0.25776	0.85613	1.0	149	4	0.070235	0.85215	0.91162	1.0	432	4	0.070235
LSM12	12	0.5994	0.95511	1.0	257	2	-0.0013143	0.85906	0.91602	1.0	433	2	-0.0013143
ZNF157	12	0.8725	0.98848	1.0	363	1	0.051213	0.86292	0.91729	1.0	434	4	0.051213
UGT1A9	12	0.60023	0.95511	1.0	259	2	0.014551	0.86385	0.9173	1.0	435	4	0.014551
MYNN	12	0.58954	0.95443	1.0	252	2	-0.029882	0.86469	0.9173	1.0	436	4	-0.029882
ZNF468	12	0.3436	0.89789	1.0	171	2	0.022649	0.87444	0.92405	1.0	437	4	0.022649
GPN2	6	0.00018417	0.01652	0.319996	36	4	-1.0897	0.88389	0.88336	1.0	438	1	-1.0897
KIAA1683	9	0.40986	0.8681	1.0	196	2	0.090541	0.88472	0.91202	1.0	439	3	0.090541
AXIN1	12	0.87672	0.98849	1.0	365	1	0.032613	0.8872	0.93065	1.0	440	3	0.032613
POLR3H	12	0.15928	0.77769	1.0	115	4	-0.046374	0.89602	0.9408	1.0	441	4	-0.046374
BAG6	12	0.23003	0.84808	1.0	139	4	-0.041559	0.8964	0.9408	1.0	442	3	-0.041559
TMEM161A	12	0.98574	0.99868	1.0	454	0	0.086945	0.89798	0.94081	1.0	443	4	0.086945
SMARCA5	12	0.0076294	0.29737	1.0	56	7	-0.1776	0.90138	0.94244	1.0	444	2	-0.1776
LRPAP1	12	0.93654	0.99336	1.0	388	1	-0.021274	0.90658	0.94539	1.0	445	4	-0.021274
EEF1D	12	0.003382	0.20647	1.0	47	6	-0.10417	0.90844	0.9454	1.0	446	3	-0.10417
CSNK1A1	12	0.080461	0.64626	1.0	86	5	-0.021412	0.91975	0.94986	1.0	447	3	-0.021412
EHD2	12	0.10741	0.71108	1.0	103	5	-0.065087	0.92394	0.95269	1.0	448	2	-0.065087
ZBTB2	12	0.0054413	0.27036	1.0	54	7	-0.28191	0.9263	0.95313	1.0	449	2	-0.28191
ASB16-AS1	12	0.13024	0.74469	1.0	106	4	-0.07191	0.92837	0.95362	1.0	450	3	-0.07191
MESDC2	12	1.4188e-05	0.011031	0.240393	24	9	-0.29613	0.93115	0.95363	1.0	451	2	-0.29613
USF2	12	0.0018655	0.14247	1.0	46	7	-0.22646	0.93325	0.95535	1.0	452	3	-0.22646
ARID3A	12	0.092535	0.68643	1.0	95	4	-0.081714	0.93509	0.95636	1.0	453	2	-0.081714
CTNNBIP1	12	0.70833	0.97354	1.0	298	2	0.04453	0.93574	0.95636	1.0	454	3	0.04453
PREB	12	7.5021e-05	0.027784	0.454097	31	8	-0.60267	0.93851	0.95697	1.0	455	2	-0.60267
ZNF394	12	0.30257	0.88175	1.0	161	3	0.044067	0.94708	0.96062	1.0	456	3	0.044067
BCL9L	12	0.22699	0.84586	1.0	136	4	-0.078143	0.94935	0.96255	1.0	457	3	-0.078143
TMEM258	12	0.00012619	0.035779	0.534641	33	9	-0.35723	0.9523	0.96298	1.0	458	1	-0.35723
NR5A1	12	0.00037091	0.061309	0.801619	39	8	-0.41884	0.95599	0.96523	1.0	459	2	-0.41884
INTS12	12	0.070734	0.63506	1.0	83	5	-0.067684	0.96174	0.96914	1.0	460	2	-0.067684
ITGA2	12	0.033776	0.49905	1.0	70	4	-0.018917	0.96268	0.97048	1.0	461	3	-0.018917
AP1G1	12	0.039578	0.53215	1.0	75	3	-0.066243	0.9644	0.97211	1.0	462	3	-0.066243
ACAD11	12	2.3021e-05	0.013954	0.291917	25	7	-0.40483	0.96523	0.97391	1.0	463	3	-0.40483
DENND4C	12	0.21754	0.83491	1.0	131	4	0.0049676	0.96544	0.97391	1.0	464	3	0.0049676
FBXL8	12	0.3967	0.91134	1.0	193	3	0.056844	0.96597	0.97444	1.0	465	3	0.056844
SURF4	12	0.067082	0.62795	1.0	81	3	-0.10232	0.97005	0.97909	1.0	466	3	-0.10232
STX4	12	0.10299	0.70521	1.0	102	5	-0.18212	0.97339	0.97965	1.0	467	2	-0.18212
FOSL1	12	0.00064852	0.079915	0.964496	42	8	-0.21721	0.97532	0.98054	1.0	468	2	-0.21721
MED20	12	0.072077	0.63637	1.0	85	5	-0.072415	0.97704	0.98181	1.0	469	2	-0.072415
SPPL3	12	0.00016761	0.040297	0.569598	35	9	-0.28516	0.97767	0.98238	1.0	470	1	-0.28516
KLF6	12	0.0047685	0.25219	1.0	52	7	-0.23632	0.98045	0.98262	1.0	471	2	-0.23632
ZNF830	12	0.003953	0.21695	1.0	50	6	-0.28105	0.9814	0.9829	1.0	472	1	-0.28105
POLR2L	9	0.00051239	0.046845	0.628205	41	6	-0.51513	0.98499	0.97718	1.0	473	1	-0.51513
U2AF1	9	0.02433	0.38374	1.0	68	5	-0.28906	0.98625	0.978	1.0	474	1	-0.28906
HYOU1	12	0.0035126	0.20759	1.0	48	7	-0.25308	0.99157	0.98968	1.0	475	2	-0.25308
PIAS1	12	0.00049492	0.070057	0.893656	40	8	-0.30087	0.99167	0.98968	1.0	476	1	-0.30087
TFE3	12	0.22225	0.84181	1.0	133	4	-0.052021	0.9917	0.98968	1.0	477	2	-0.052021
EXOC1	12	0.0077386	0.29738	1.0	57	7	-0.24269	0.99247	0.99074	1.0	478	2	-0.24269
USP24	12	0.08475	0.66702	1.0	88	5	-0.085686	0.99347	0.99213	1.0	479	2	-0.085686
GPN1	6	0.0018605	0.081143	0.964496	45	5	-0.54442	0.99443	0.98106	1.0	480	0	-0.54442
SNAPC4	12	0.035884	0.51531	1.0	73	4	-0.084276	0.99472	0.99374	1.0	481	1	-0.084276
EXOC8	12	0.025619	0.47295	1.0	69	6	-0.16042	0.99505	0.99405	1.0	482	1	-0.16042
GTF2H3	12	0.0081142	0.30134	1.0	58	6	-0.26005	0.99639	0.99435	1.0	483	1	-0.26005
PIK3C3	12	1.3306e-05	0.010536	0.239581	23	10	-0.4759	0.99686	0.99459	1.0	484	1	-0.4759
GPN3	9	0.0011266	0.079746	0.964496	44	6	-0.36358	0.99699	0.99071	1.0	485	1	-0.36358
YKT6	12	4.1597e-05	0.018739	0.350019	27	9	-0.48264	0.99711	0.99464	1.0	486	1	-0.48264
UXT	12	0.00010279	0.032876	0.505715	32	8	-0.60161	0.99743	0.99487	1.0	487	1	-0.60161
SCAF4	12	0.050825	0.5709	1.0	80	5	-0.070922	0.99782	0.99488	1.0	488	1	-0.070922
USP39	9	0.28261	0.82471	1.0	156	3	-0.043449	0.99872	0.99466	1.0	489	0	-0.043449
STT3A	9	0.00025533	0.032738	0.505715	38	7	-0.58379	0.99903	0.99607	1.0	490	0	-0.58379
EMP3	12	0.0075568	0.29737	1.0	55	6	-0.24246	0.99921	0.99662	1.0	491	1	-0.24246
RABIF	12	0.000219	0.045141	0.621284	37	8	-0.37933	0.99968	0.99816	1.0	492	0	-0.37933
TRAPPC1	12	1.212e-15	9.907e-06	0.00037	3	11	-0.98827	0.99969	0.99827	1.0	493	0	-0.98827
CNOT3	12	0.093729	0.69052	1.0	96	5	-0.030224	0.99973	0.99845	1.0	494	0	-0.030224
MSTO1	12	0.00014247	0.036928	0.536485	34	9	-0.28154	0.99979	0.99846	1.0	495	0	-0.28154
EXOC3	9	5.5159e-06	0.0028086	0.073446	21	8	-0.5344	0.99988	0.9978	1.0	496	0	-0.5344
GOSR2	12	5.446e-05	0.023584	0.401889	29	9	-0.33002	0.99988	0.99927	1.0	497	0	-0.33002
USO1	12	1.4004e-09	1.9814e-05	0.000691	15	10	-0.88132	0.99992	0.99934	1.0	498	0	-0.88132
GTF2F2	9	0.0039055	0.18134	1.0	49	6	-0.20888	0.99994	0.99878	1.0	499	0	-0.20888
PFDN2	9	0.091928	0.60998	1.0	94	4	-0.22639	0.99995	0.99892	1.0	500	0	-0.22639
GTF2A2	12	1.0581e-05	0.0096048	0.228333	22	10	-0.39426	0.99997	0.99959	1.0	501	0	-0.39426
INTS1	12	0.02096	0.42244	1.0	66	6	-0.20834	0.99998	0.99964	1.0	502	0	-0.20834
RAB10	12	2.8596e-05	0.016193	0.319996	26	9	-0.43424	0.99998	0.99971	1.0	503	0	-0.43424
PROX1	12	2.801e-06	0.0034724	0.086479	20	10	-0.35005	0.99999	0.99972	1.0	504	0	-0.35005
MBTPS2	12	4.5699e-09	3.4674e-05	0.001067	16	11	-0.86053	0.99999	0.99972	1.0	505	0	-0.86053
GET4	12	1.6609e-10	9.907e-06	0.00037	14	11	-0.68698	1.0	0.99988	1.0	506	0	-0.68698
PIKFYVE	12	5.9284e-05	0.023821	0.401889	30	9	-0.32939	1.0	0.9999	1.0	507	0	-0.32939
CDK5RAP3	12	1.1078e-07	0.00040123	0.011044	19	11	-0.75544	1.0	0.99992	1.0	508	0	-0.75544
ATP11A	12	3.4808e-13	9.907e-06	0.00037	6	11	-1.0377	1.0	0.99993	1.0	509	0	-1.0377
SCAP	12	7.2111e-11	9.907e-06	0.00037	12	11	-1.3631	1.0	0.99995	1.0	510	0	-1.3631
SLC39A7	12	4.9072e-11	9.907e-06	0.00037	11	10	-0.9132	1.0	0.99997	1.0	511	0	-0.9132
DPAGT1	12	5.1893e-09	3.4674e-05	0.001067	17	11	-0.74483	1.0	0.99998	1.0	512	0	-0.74483
TMED2	12	8.1202e-12	9.907e-06	0.00037	9	11	-0.89027	1.0	0.99998	1.0	513	0	-0.89027
WRB	12	1.397e-12	9.907e-06	0.00037	8	11	-1.0946	1.0	0.99999	1.0	514	0	-1.0946
ZNF652	12	9.681e-08	0.00038142	0.011044	18	11	-0.66437	1.0	0.99999	1.0	515	0	-0.66437
NUDC	12	1.5807e-10	9.907e-06	0.00037	13	12	-0.82712	1.0	1.0	1.0	516	0	-0.82712
MBTPS1	12	9.5479e-12	9.907e-06	0.00037	10	12	-0.99738	1.0	1.0	1.0	517	0	-0.99738
RIC1	12	9.0287e-13	9.907e-06	0.00037	7	12	-0.80723	1.0	1.0	1.0	518	0	-0.80723
GDI2	12	2.4521e-13	9.907e-06	0.00037	5	12	-0.70967	1.0	1.0	1.0	519	0	-0.70967
WDR7	12	2.3237e-14	9.907e-06	0.00037	4	12	-1.1398	1.0	1.0	1.0	520	0	-1.1398
SCARB1	12	2.3098e-23	9.907e-06	0.00037	1	12	-1.5667	1.0	1.0	1.0	521	0	-1.5667
LDLR	12	3.422e-18	9.907e-06	0.00037	2	12	-1.5067	1.0	1.0	1.0	522	0	-1.5067
