id	num	neg|score	neg|p-value	neg|fdr	neg|rank	neg|goodsgrna	neg|lfc	pos|score	pos|p-value	pos|fdr	pos|rank	pos|goodsgrna	pos|lfc
SMAD7	12	1.0	1.0	1.0	522	0	1.0945	8.8847e-15	4.9535e-06	0.000199	1	12	1.0945
SP5	12	0.98797	0.99271	1.0	474	1	0.9596	2.7056e-13	4.9535e-06	0.000199	2	11	0.9596
PDCD10	12	0.66315	0.8859	1.0	357	2	1.5655	2.2714e-12	4.9535e-06	0.000199	3	10	1.5655
PBRM1	12	0.99967	0.99993	1.0	509	0	1.2409	3.6007e-11	4.9535e-06	0.000199	4	11	1.2409
CDH1	12	0.98979	0.99346	1.0	479	1	1.2397	6.6593e-11	4.9535e-06	0.000199	5	11	1.2397
SMARCA4	12	1.0	1.0	1.0	521	0	1.5016	9.4742e-10	4.9535e-06	0.000199	6	12	1.5016
AGBL2	12	0.99988	0.99999	1.0	514	0	0.53341	3.4773e-07	4.9535e-06	0.000199	7	11	0.53341
TEF	12	0.99352	0.99506	1.0	487	0	0.84536	7.0115e-07	4.9535e-06	0.000199	8	10	0.84536
DR1	12	0.99983	0.99998	1.0	511	0	0.86629	1.5918e-06	4.9535e-06	0.000199	9	11	0.86629
DDX28	12	0.78258	0.93462	1.0	397	1	0.88438	1.9047e-06	4.9535e-06	0.000199	10	9	0.88438
ARID1A	12	0.99997	1.0	1.0	517	0	0.9186	2.3079e-06	4.9535e-06	0.000199	11	11	0.9186
LRPPRC	12	0.98145	0.99122	1.0	467	1	0.84059	4.7058e-06	4.9535e-06	0.000199	12	9	0.84059
RBM14	9	0.99992	0.99997	1.0	515	0	1.0389	4.729e-06	1.486e-05	0.000457	13	9	1.0389
CERS6	12	0.87999	0.96241	1.0	423	1	0.88694	5.9517e-06	4.9535e-06	0.000199	14	10	0.88694
DRAP1	12	0.74338	0.91759	1.0	381	1	0.80172	7.3397e-06	1.486e-05	0.000457	15	11	0.80172
SMARCC1	12	0.99998	1.0	1.0	519	0	0.96242	8.258e-06	1.486e-05	0.000457	16	11	0.96242
ALG2	12	0.99726	0.99819	1.0	498	0	0.58541	8.7423e-06	1.486e-05	0.000457	17	11	0.58541
ZFP36L1	12	0.99999	1.0	1.0	520	0	0.61006	1.2905e-05	2.4767e-05	0.00072	18	12	0.61006
RPUSD4	12	0.99899	0.9995	1.0	505	0	0.7724	1.8326e-05	0.00012384	0.003409	19	11	0.7724
ZC3H4	12	0.99476	0.99683	1.0	491	0	0.86901	2.3437e-05	0.00019319	0.005052	20	10	0.86901
STK40	12	0.99984	0.99998	1.0	512	0	0.61949	3.1625e-05	0.00020309	0.005058	21	10	0.61949
NAA38	12	0.90286	0.96955	1.0	430	2	0.80033	8.4917e-05	0.001174	0.024412	22	10	0.80033
IRF2BP2	12	0.99933	0.99971	1.0	506	0	0.58881	9.0228e-05	0.0011938	0.024412	23	10	0.58881
ARPC5L	12	0.74702	0.92004	1.0	382	2	0.71216	9.2271e-05	0.0011938	0.024412	24	7	0.71216
ONECUT1	12	0.99992	0.99999	1.0	516	0	0.51852	9.7461e-05	0.0012037	0.024412	25	11	0.51852
SOX12	12	0.99998	1.0	1.0	518	0	0.55243	0.0001096	0.0012136	0.024412	26	11	0.55243
SURF1	12	0.61619	0.86361	1.0	342	1	0.68168	0.00026525	0.0014415	0.02748	27	9	0.68168
MYLIP	12	0.99772	0.99886	1.0	501	0	0.60836	0.00028422	0.0014712	0.02748	28	10	0.60836
RALGAPB	12	0.96231	0.98611	1.0	453	1	0.73261	0.00053479	0.002135	0.038503	29	9	0.73261
EPHA2	12	0.63027	0.87724	1.0	349	2	0.46128	0.00066659	0.003304	0.05448	30	8	0.46128
PRDM10	12	0.99344	0.99505	1.0	486	0	0.44956	0.00070938	0.0033733	0.05448	31	9	0.44956
MRPL11	12	0.87533	0.96184	1.0	422	2	0.80942	0.00078082	0.0034229	0.05448	32	10	0.80942
KAT7	12	0.96291	0.98611	1.0	455	1	0.59935	0.00082369	0.0034922	0.05448	33	8	0.59935
RXRB	12	0.83519	0.95169	1.0	412	1	0.16647	0.00094166	0.0035417	0.05448	34	6	0.16647
ZNF281	12	0.99654	0.99763	1.0	494	0	0.54654	0.0010238	0.0037696	0.056329	35	8	0.54654
ZNF219	12	0.99874	0.99949	1.0	503	0	0.3662	0.001494	0.0063751	0.092617	36	10	0.3662
CPSF7	12	0.49997	0.79993	1.0	295	2	0.38237	0.0020637	0.007564	0.104786	37	9	0.38237
SMARCE1	12	0.99985	0.99998	1.0	513	0	0.57644	0.0020845	0.0076135	0.104786	38	9	0.57644
MGAT1	12	0.99733	0.99836	1.0	499	0	0.49181	0.002811	0.0081089	0.106671	39	7	0.49181
MRPL33	12	0.98674	0.99241	1.0	471	1	0.59017	0.002834	0.0081584	0.106671	40	8	0.59017
RRBP1	12	0.9996	0.99992	1.0	508	0	0.46995	0.0030349	0.011477	0.142994	41	9	0.46995
ACAD11	12	0.10558	0.38309	1.0	120	6	-0.011667	0.0032118	0.011566	0.142994	42	6	-0.011667
PDE1A	12	0.32008	0.63942	1.0	230	3	0.42457	0.0037585	0.012042	0.142994	43	6	0.42457
ZC3H18	12	0.91564	0.9733	1.0	433	2	0.15311	0.004089	0.0123	0.142994	44	5	0.15311
USP22	12	0.69213	0.89862	1.0	363	3	0.40241	0.0043175	0.012567	0.142994	45	8	0.40241
SCAMP2	12	0.79769	0.94003	1.0	400	3	0.39404	0.0043953	0.012577	0.142994	46	8	0.39404
FRY	12	0.98899	0.99272	1.0	477	1	0.37257	0.005655	0.015876	0.173629	47	9	0.37257
ATG4D	12	0.99693	0.99776	1.0	497	0	0.3504	0.0057873	0.015935	0.173629	48	7	0.3504
BCAT2	12	0.988	0.99271	1.0	475	1	0.43847	0.0063247	0.017392	0.181917	49	9	0.43847
NDUFS3	9	0.59559	0.82018	1.0	336	1	0.7205	0.0068806	0.016877	0.180131	50	7	0.7205
IREB2	12	0.5609	0.83512	1.0	324	3	0.35111	0.0076262	0.019215	0.195457	51	8	0.35111
BACH1	12	0.51233	0.80777	1.0	302	4	0.25774	0.0080591	0.020007	0.195457	52	7	0.25774
MLLT1	12	0.99879	0.99949	1.0	504	0	0.37644	0.0084632	0.020017	0.195457	53	8	0.37644
IBA57	12	0.98977	0.99346	1.0	478	1	0.34957	0.0087559	0.020195	0.195457	54	8	0.34957
HARBI1	12	0.9599	0.9861	1.0	452	1	0.31834	0.008879	0.020621	0.195457	55	8	0.31834
HIST1H2BC	12	0.80047	0.94419	1.0	402	1	0.26431	0.0092401	0.020928	0.195457	56	9	0.26431
LSS	12	0.99421	0.99588	1.0	490	0	0.36564	0.0099292	0.022385	0.204136	57	8	0.36564
WWP1	12	0.40712	0.72706	1.0	258	2	0.42031	0.010158	0.02294	0.204136	58	8	0.42031
PGAP3	12	0.41868	0.73768	1.0	264	3	0.30131	0.010188	0.023029	0.204136	59	8	0.30131
THOP1	12	0.84017	0.9524	1.0	414	2	0.42537	0.011725	0.030915	0.269473	60	8	0.42537
CREG2	12	0.62862	0.87724	1.0	346	3	0.36069	0.012354	0.065758	0.528407	61	7	0.36069
PIGS	12	0.96304	0.98611	1.0	456	1	0.37401	0.012397	0.069185	0.528407	62	8	0.37401
SIRT5	12	0.99671	0.99775	1.0	495	0	0.081154	0.013968	0.075149	0.528407	63	4	0.081154
CCNI2	12	0.99784	0.99889	1.0	502	0	0.29989	0.01422	0.075397	0.528407	64	7	0.29989
ARPC4	12	0.55602	0.83511	1.0	322	2	0.49877	0.014787	0.075674	0.528407	65	8	0.49877
SLC29A2	12	0.62279	0.86984	1.0	344	2	0.29757	0.014794	0.075674	0.528407	66	6	0.29757
SQLE	12	0.78304	0.93462	1.0	398	1	0.38986	0.01493	0.075684	0.528407	67	8	0.38986
WDHD1	12	0.083876	0.31644	1.0	108	4	0.60768	0.014959	0.075684	0.528407	68	7	0.60768
RFX8	12	0.8827	0.96462	1.0	424	2	0.50289	0.016965	0.079607	0.528407	69	7	0.50289
AGPAT4	12	0.21012	0.54227	1.0	172	3	0.38658	0.017967	0.079885	0.528407	70	7	0.38658
RPS25	12	0.44779	0.75239	1.0	273	2	0.38559	0.018758	0.079895	0.528407	71	8	0.38559
SUSD5	12	0.34288	0.66291	1.0	241	2	0.36009	0.018825	0.079895	0.528407	72	7	0.36009
CDIPT	12	0.9808	0.99122	1.0	465	1	0.18551	0.01909	0.079895	0.528407	73	6	0.18551
ZNF217	12	0.63787	0.87823	1.0	350	2	-0.040175	0.019605	0.08042	0.528407	74	3	-0.040175
MTA2	12	0.97853	0.99121	1.0	463	1	0.16446	0.02007	0.081163	0.528407	75	6	0.16446
TSPYL4	12	0.62972	0.87724	1.0	348	2	0.08704	0.020828	0.082183	0.528407	76	5	0.08704
LIN52	12	0.30539	0.63063	1.0	222	2	0.33567	0.021051	0.082679	0.528407	77	8	0.33567
CYP2C18	12	0.58225	0.84772	1.0	333	3	0.27797	0.021243	0.082689	0.528407	78	7	0.27797
ETV4	12	0.8163	0.94574	1.0	408	2	0.31093	0.021329	0.082689	0.528407	79	8	0.31093
TAF8	12	0.99102	0.9942	1.0	481	1	0.34057	0.02238	0.083402	0.528407	80	8	0.34057
CHD7	12	0.41689	0.73055	1.0	263	4	0.21808	0.023299	0.084363	0.528407	81	5	0.21808
PEX6	12	0.65193	0.88507	1.0	353	3	0.31938	0.024876	0.085829	0.528407	82	7	0.31938
NFYC	12	0.73121	0.91389	1.0	375	1	0.30807	0.026255	0.085839	0.528407	83	7	0.30807
USF1	12	0.73653	0.91659	1.0	377	2	-0.041375	0.02698	0.086889	0.528407	84	4	-0.041375
EIF4A1	9	0.69365	0.86376	1.0	364	1	0.32075	0.02739	0.072484	0.528407	85	5	0.32075
ZNF484	12	0.46052	0.76038	1.0	277	4	0.20539	0.028123	0.088157	0.529957	86	6	0.20539
CBX2	12	0.6652	0.8859	1.0	359	2	0.21728	0.028667	0.089247	0.530411	87	6	0.21728
MROH2A	12	0.80515	0.94573	1.0	406	1	0.40371	0.031355	0.09211	0.532769	88	7	0.40371
CAMKK2	9	0.77016	0.89782	1.0	392	2	0.24296	0.03254	0.085988	0.528407	89	6	0.24296
PLCG1-AS1	12	0.76495	0.92722	1.0	389	2	0.30215	0.03478	0.096013	0.532769	90	8	0.30215
TAOK1	12	0.91729	0.97374	1.0	434	1	0.27728	0.03722	0.10042	0.532769	91	7	0.27728
TMEM88	12	0.83228	0.95001	1.0	411	2	0.27339	0.037295	0.10042	0.532769	92	7	0.27339
CTNNBIP1	12	0.28488	0.61399	1.0	210	3	0.26577	0.03756	0.10042	0.532769	93	6	0.26577
ST3GAL4	12	0.99507	0.99683	1.0	492	0	0.33975	0.037785	0.10042	0.532769	94	8	0.33975
SENP3-EIF4A1	12	0.95631	0.98568	1.0	450	1	0.19272	0.037944	0.10114	0.532769	95	7	0.19272
A1BG-AS1	12	0.55225	0.83261	1.0	316	3	0.36364	0.038446	0.10201	0.532769	96	6	0.36364
BPTF	12	0.92644	0.97625	1.0	438	2	0.20446	0.038859	0.10277	0.532769	97	8	0.20446
NR5A1	12	0.9806	0.99121	1.0	464	1	0.087733	0.038904	0.10277	0.532769	98	5	0.087733
TMEM50A	12	0.71644	0.90685	1.0	368	3	0.31049	0.042073	0.10721	0.532769	99	7	0.31049
IRS4	12	0.25091	0.58003	1.0	195	3	0.32416	0.042589	0.10798	0.532769	100	8	0.32416
ELF4	12	0.86123	0.95908	1.0	419	1	0.24973	0.042801	0.10864	0.532769	101	8	0.24973
NFYA	12	0.55491	0.83511	1.0	319	4	0.14852	0.043983	0.10937	0.532769	102	5	0.14852
FAM20A	12	0.6525	0.88507	1.0	354	1	0.19946	0.044416	0.11015	0.532769	103	8	0.19946
UQCC1	12	0.98892	0.99272	1.0	476	1	0.16623	0.044447	0.11015	0.532769	104	5	0.16623
YTHDC1	12	0.38264	0.70683	1.0	254	4	0.43413	0.044676	0.11015	0.532769	105	6	0.43413
PROX1	12	0.92095	0.97491	1.0	435	1	0.23042	0.044964	0.11016	0.532769	106	8	0.23042
BAG6	12	0.77585	0.92945	1.0	395	2	0.2058	0.045629	0.11046	0.532769	107	8	0.2058
LOC100131626	9	0.98118	0.98457	1.0	466	0	0.33669	0.046	0.11809	0.54654	108	6	0.33669
GPAA1	12	0.93624	0.97995	1.0	443	1	0.28298	0.046753	0.11217	0.532769	109	8	0.28298
COA6	12	0.99974	0.99993	1.0	510	0	0.25735	0.046867	0.11217	0.532769	110	8	0.25735
ZNF146	12	0.39058	0.72086	1.0	255	1	0.25755	0.047323	0.11306	0.532769	111	8	0.25755
SOD1	12	0.48283	0.78999	1.0	287	3	0.26448	0.047813	0.11307	0.532769	112	6	0.26448
ZFPM1	12	0.89354	0.96648	1.0	428	2	0.28955	0.048595	0.11462	0.535229	113	8	0.28955
NXF5	12	0.52797	0.81746	1.0	309	3	0.2199	0.0493	0.14437	0.656567	114	8	0.2199
ABCG5	12	0.97594	0.99035	1.0	462	1	0.35688	0.049583	0.14647	0.660376	115	8	0.35688
ZKSCAN8	12	0.44649	0.75239	1.0	272	3	0.20926	0.050208	0.14781	0.66071	116	7	0.20926
FBXL8	12	0.82181	0.94574	1.0	409	2	0.18406	0.050611	0.14924	0.661478	117	8	0.18406
HNF1A	12	0.7584	0.92476	1.0	387	1	0.12048	0.052396	0.15326	0.673553	118	6	0.12048
HIST1H2BH	12	0.71674	0.90685	1.0	369	3	0.1359	0.055814	0.16613	0.696891	119	6	0.1359
EIF3G	9	0.23761	0.51571	1.0	182	4	-0.020103	0.057358	0.13564	0.622284	120	4	-0.020103
CAB39	12	0.93252	0.9787	1.0	440	1	0.24786	0.057762	0.16869	0.696891	121	7	0.24786
PET117	12	0.73346	0.91659	1.0	376	2	0.35477	0.059708	0.17011	0.696891	122	7	0.35477
C21orf59	12	0.97506	0.99035	1.0	461	1	0.24563	0.059713	0.17011	0.696891	123	7	0.24563
ZFP69	12	0.086081	0.33677	1.0	109	5	0.045135	0.061324	0.17211	0.696891	124	5	0.045135
EEF1D	12	0.31867	0.63942	1.0	228	3	0.12799	0.061486	0.17211	0.696891	125	5	0.12799
ZNF3	12	0.64484	0.87824	1.0	352	3	0.076279	0.062402	0.17308	0.696891	126	5	0.076279
ZNF626	12	0.36869	0.69563	1.0	248	3	0.20418	0.062811	0.17309	0.696891	127	6	0.20418
TIPARP	12	0.55369	0.83511	1.0	318	3	0.29502	0.0666	0.17399	0.696891	128	6	0.29502
OTX2	12	0.54635	0.825	1.0	313	2	0.26447	0.069078	0.17455	0.696891	129	7	0.26447
RBM22	12	0.34151	0.66117	1.0	240	5	-0.0026199	0.070175	0.17456	0.696891	130	4	-0.0026199
RSRP1	12	0.43145	0.74561	1.0	267	4	0.078977	0.071929	0.17792	0.702384	131	5	0.078977
STK11	12	0.95434	0.98496	1.0	448	1	0.24138	0.073367	0.17862	0.702384	132	7	0.24138
RALGAPA2	12	0.8163	0.94574	1.0	407	2	0.16927	0.076091	0.18056	0.704721	133	6	0.16927
POMGNT2	12	0.77951	0.9304	1.0	396	3	0.2129	0.078026	0.18381	0.71209	134	7	0.2129
RPS6	6	0.12703	0.31984	1.0	134	3	0.22081	0.078906	0.16059	0.696891	135	3	0.22081
DMRTA2	12	0.18049	0.5182	1.0	160	4	0.010308	0.079681	0.21078	0.780471	136	4	0.010308
SPAG7	12	0.83846	0.9524	1.0	413	2	0.25197	0.081239	0.21597	0.780471	137	7	0.25197
IGF2R	12	0.50884	0.80476	1.0	300	4	0.19594	0.084326	0.22053	0.780471	138	7	0.19594
KLHDC3	12	0.29925	0.62939	1.0	217	3	0.23635	0.086073	0.22054	0.780471	139	7	0.23635
CARM1	12	0.22359	0.55571	1.0	176	5	-0.098978	0.086644	0.2227	0.780471	140	4	-0.098978
WRAP53	12	0.27542	0.60751	1.0	206	4	0.11039	0.088058	0.22486	0.780471	141	6	0.11039
CYC1	12	0.3168	0.63941	1.0	227	2	0.2463	0.088851	0.22486	0.780471	142	7	0.2463
RTEL1	9	0.23522	0.5157	1.0	180	4	0.32105	0.089239	0.20646	0.780471	143	5	0.32105
SPI1	12	0.45954	0.75606	1.0	276	4	0.11873	0.089379	0.22681	0.780471	144	4	0.11873
POLE3	12	0.84226	0.95241	1.0	416	1	0.23474	0.08962	0.2279	0.780471	145	7	0.23474
SP2-AS1	12	0.24723	0.58002	1.0	191	3	-0.040297	0.089809	0.2279	0.780471	146	4	-0.040297
U2AF1	9	0.042149	0.15328	0.966907	84	5	-0.40164	0.09014	0.20742	0.780471	147	2	-0.40164
SMARCA1	12	0.97451	0.99035	1.0	460	1	0.14997	0.094461	0.23267	0.780471	148	6	0.14997
RDH14	12	0.58993	0.85054	1.0	334	4	0.030964	0.094553	0.23267	0.780471	149	4	0.030964
PHF23	12	0.10621	0.38309	1.0	121	5	-0.062167	0.095196	0.23268	0.780471	150	5	-0.062167
DEF6	12	0.94254	0.98252	1.0	446	2	0.3137	0.095811	0.23268	0.780471	151	6	0.3137
TRPM4	12	0.46778	0.76434	1.0	280	3	0.25551	0.096358	0.23554	0.780471	152	6	0.25551
POLR2L	9	0.065736	0.25333	1.0	100	4	-0.23413	0.10305	0.20981	0.780471	153	2	-0.23413
EGFR	12	0.2183	0.54926	1.0	175	4	0.2241	0.1036	0.24215	0.780471	154	7	0.2241
SYTL3	12	0.98258	0.99122	1.0	469	1	0.21814	0.10379	0.24696	0.780471	155	6	0.21814
COPS3	12	0.73758	0.91659	1.0	378	3	0.19446	0.10467	0.24962	0.780471	156	7	0.19446
CSDE1	12	0.43004	0.74561	1.0	266	2	0.25984	0.10483	0.24962	0.780471	157	7	0.25984
MPDU1	12	0.71136	0.90684	1.0	365	3	0.19456	0.10506	0.24963	0.780471	158	7	0.19456
MBNL1	12	0.89114	0.96647	1.0	427	2	0.22466	0.10531	0.24963	0.780471	159	7	0.22466
ATP13A1	12	0.036253	0.14029	0.92874	79	5	0.14217	0.10652	0.25197	0.780471	160	5	0.14217
CCDC43	12	0.99746	0.99837	1.0	500	0	0.29659	0.10677	0.25197	0.780471	161	6	0.29659
MYNN	12	0.64178	0.87824	1.0	351	3	0.2438	0.10873	0.25264	0.780471	162	7	0.2438
ZNF833P	12	0.32798	0.6502	1.0	234	2	0.32948	0.10945	0.25264	0.780471	163	7	0.32948
ZNF506	12	0.36992	0.69564	1.0	249	3	0.055868	0.1098	0.25264	0.780471	164	4	0.055868
KMT2D	12	0.46238	0.76214	1.0	278	4	0.22708	0.1124	0.2542	0.780471	165	6	0.22708
HTRA1	12	0.71615	0.90685	1.0	367	2	0.25389	0.11289	0.2542	0.780471	166	6	0.25389
MAU2	12	0.98157	0.99122	1.0	468	1	0.2081	0.11329	0.2542	0.780471	167	4	0.2081
MIR100HG	12	0.61462	0.8636	1.0	341	3	0.24304	0.11825	0.25724	0.780471	168	7	0.24304
CPSF4	12	0.68302	0.89522	1.0	362	2	0.17356	0.11848	0.25724	0.780471	169	7	0.17356
EBP	12	0.66417	0.8859	1.0	358	2	0.21919	0.11855	0.25724	0.780471	170	6	0.21919
UBA2	12	0.55491	0.83511	1.0	320	4	0.0652	0.12156	0.25928	0.780471	171	5	0.0652
DENND4C	12	0.10652	0.38309	1.0	122	4	0.015417	0.1217	0.25928	0.780471	172	5	0.015417
SNX19	12	0.046262	0.18846	1.0	87	4	0.21539	0.12247	0.25929	0.780471	173	7	0.21539
VEZF1	12	0.72186	0.91147	1.0	371	3	0.22997	0.12344	0.26205	0.780471	174	7	0.22997
YJEFN3	12	0.99204	0.99421	1.0	483	0	0.16254	0.12585	0.26504	0.780471	175	6	0.16254
TFRC	12	0.19499	0.52988	1.0	166	4	-0.080824	0.12853	0.26776	0.780471	176	4	-0.080824
BRD2	12	0.50594	0.8033	1.0	297	4	0.27759	0.12892	0.26776	0.780471	177	6	0.27759
CCDC22	12	0.61895	0.86455	1.0	343	3	0.23733	0.12896	0.26776	0.780471	178	7	0.23733
FOXB1	12	0.52433	0.81745	1.0	307	3	0.087064	0.12957	0.27008	0.780471	179	4	0.087064
CEBPA	12	0.9071	0.96998	1.0	432	2	0.2088	0.12965	0.27215	0.780471	180	6	0.2088
CNN1	12	0.95762	0.9861	1.0	451	1	0.16963	0.13517	0.2785	0.780471	181	7	0.16963
BCL9L	12	0.62912	0.87724	1.0	347	3	0.16887	0.13626	0.27851	0.780471	182	6	0.16887
C16orf62	12	0.47025	0.76916	1.0	281	3	0.19312	0.13805	0.27923	0.780471	183	6	0.19312
IQCF1	12	0.49939	0.79993	1.0	293	4	0.095632	0.14174	0.28127	0.780471	184	6	0.095632
CHAF1B	12	0.98283	0.99122	1.0	470	1	0.24786	0.14258	0.28276	0.780471	185	6	0.24786
ZNF99	12	0.79875	0.94292	1.0	401	2	0.036199	0.14324	0.28276	0.780471	186	3	0.036199
NR1H3	12	0.41215	0.72902	1.0	261	3	0.15269	0.14424	0.28277	0.780471	187	6	0.15269
PSORS1C3	12	0.75531	0.92212	1.0	385	2	0.17437	0.14586	0.28277	0.780471	188	6	0.17437
IRF9	12	0.9708	0.98914	1.0	458	1	0.18982	0.1472	0.28503	0.780471	189	7	0.18982
CDKN2A-AS1	12	0.24073	0.57163	1.0	185	1	0.18654	0.14749	0.28503	0.780471	190	6	0.18654
CABIN1	12	0.74323	0.91759	1.0	380	2	0.16205	0.14752	0.28503	0.780471	191	6	0.16205
SNAPC4	12	0.88315	0.96462	1.0	425	2	0.22962	0.15338	0.30717	0.831686	192	6	0.22962
ZC3H13	12	0.53174	0.8194	1.0	311	3	0.19228	0.15644	0.31008	0.831686	193	6	0.19228
YY1	12	0.13059	0.42066	1.0	136	5	0.06145	0.15797	0.31009	0.831686	194	5	0.06145
FNTB	12	0.52633	0.81746	1.0	308	2	-0.012478	0.15887	0.31009	0.831686	195	5	-0.012478
ZNF410	12	0.73893	0.9166	1.0	379	3	0.13577	0.15954	0.32965	0.875161	196	6	0.13577
AKAP9	12	0.52904	0.81746	1.0	310	4	0.023681	0.16229	0.35151	0.92136	197	4	0.023681
GOSR2	12	0.00037712	0.0033733	0.053462	33	9	-0.63604	0.16262	0.35151	0.92136	198	2	-0.63604
VPS72	12	0.60212	0.85321	1.0	337	3	0.1519	0.16594	0.35539	0.92178	199	6	0.1519
CAPZA1	12	0.99526	0.99683	1.0	493	0	0.15932	0.16801	0.36005	0.92178	200	6	0.15932
GCOM1	12	0.18048	0.5182	1.0	159	5	-0.12462	0.17059	0.36272	0.92178	201	2	-0.12462
TEFM	12	0.25011	0.58002	1.0	194	4	0.21785	0.1735	0.37201	0.92178	202	6	0.21785
LINC01483	12	0.99029	0.99384	1.0	480	1	0.0057858	0.17493	0.37632	0.92178	203	5	0.0057858
EGLN2	12	0.31611	0.63614	1.0	226	3	0.17044	0.17534	0.37633	0.92178	204	6	0.17044
LRRC8A	12	0.31979	0.63942	1.0	229	5	0.10338	0.17782	0.38035	0.92178	205	6	0.10338
ZBTB17	12	0.8571	0.95907	1.0	418	2	0.30667	0.17914	0.38036	0.92178	206	6	0.30667
CCDC93	9	0.24356	0.52403	1.0	187	4	0.056535	0.17982	0.32391	0.86432	207	3	0.056535
VOPP1	12	0.14161	0.4298	1.0	141	5	-0.00048574	0.18089	0.38165	0.92178	208	5	-0.00048574
SIX6	12	0.77466	0.92824	1.0	394	3	0.21098	0.18403	0.38316	0.92178	209	6	0.21098
LOC100270746	12	0.28765	0.62386	1.0	211	4	0.058291	0.18632	0.38317	0.92178	210	3	0.058291
BARX1	12	0.44329	0.75238	1.0	271	4	0.013649	0.18647	0.38317	0.92178	211	4	0.013649
TRIM38	12	0.42323	0.73959	1.0	265	3	0.11737	0.1881	0.38403	0.92178	212	6	0.11737
SURF4	12	0.29238	0.62939	1.0	214	5	0.060623	0.18929	0.38741	0.92178	213	5	0.060623
CCDC115	12	0.48383	0.79	1.0	288	3	0.1171	0.19621	0.39508	0.92178	214	5	0.1171
ADNP	12	0.47475	0.77779	1.0	284	4	0.097604	0.19647	0.39508	0.92178	215	5	0.097604
CASR	9	0.076679	0.29221	1.0	103	5	-0.33078	0.19871	0.35234	0.92136	216	3	-0.33078
DMPK	12	0.10018	0.37305	1.0	117	5	0.18971	0.19895	0.39508	0.92178	217	6	0.18971
ADAP1	12	0.30665	0.63063	1.0	223	5	0.051978	0.20025	0.39508	0.92178	218	4	0.051978
GRB2	12	0.23706	0.569	1.0	181	5	0.038638	0.20348	0.39509	0.92178	219	6	0.038638
RAP1GAP	12	0.28195	0.61269	1.0	207	4	0.16992	0.20447	0.39509	0.92178	220	5	0.16992
SIX4	12	0.99958	0.99992	1.0	507	0	0.1377	0.20595	0.39822	0.92178	221	5	0.1377
TREM1	12	0.57686	0.84116	1.0	332	2	0.13982	0.20635	0.39823	0.92178	222	6	0.13982
PDGFA	12	0.23835	0.56901	1.0	183	4	-0.049642	0.20706	0.39979	0.92178	223	5	-0.049642
ZC3H11A	12	0.99247	0.99421	1.0	484	0	0.19296	0.21251	0.4012	0.92178	224	6	0.19296
HIST1H2BG	12	0.48515	0.79369	1.0	289	2	0.15383	0.21771	0.40431	0.92178	225	6	0.15383
CNPY3	12	0.2713	0.606	1.0	204	3	0.1222	0.21981	0.40737	0.92178	226	6	0.1222
VPS29	12	0.5766	0.84116	1.0	331	4	0.042233	0.22148	0.40901	0.92178	227	3	0.042233
STAM	12	0.55315	0.83511	1.0	317	3	0.16298	0.22245	0.40901	0.92178	228	6	0.16298
C9orf163	12	0.9377	0.98038	1.0	444	2	0.17687	0.22297	0.40901	0.92178	229	6	0.17687
ZNF468	12	0.71825	0.91035	1.0	370	3	0.16388	0.22403	0.40902	0.92178	230	6	0.16388
PIKFYVE	12	0.043482	0.15868	0.976379	85	7	-0.25932	0.22476	0.40902	0.92178	231	4	-0.25932
COX5A	12	0.99384	0.99533	1.0	488	0	0.15225	0.22658	0.41252	0.92178	232	6	0.15225
LOC101930085	9	0.99398	0.99632	1.0	489	0	0.13087	0.22661	0.38384	0.92178	233	5	0.13087
FAM24B-CUZD1	12	0.3342	0.65777	1.0	235	3	0.13462	0.22758	0.41567	0.92178	234	6	0.13462
PACRGL	12	0.15644	0.46106	1.0	152	6	-0.19609	0.2296	0.42102	0.92178	235	5	-0.19609
MTF1	12	0.93123	0.9787	1.0	439	1	0.15258	0.22971	0.42102	0.92178	236	5	0.15258
DYNLL1	12	0.65782	0.88589	1.0	356	1	0.12197	0.23285	0.42308	0.92178	237	6	0.12197
CCS	12	0.99172	0.99421	1.0	482	0	0.16699	0.2333	0.42308	0.92178	238	5	0.16699
PSMD12	12	0.20118	0.53427	1.0	169	5	0.059488	0.23602	0.42698	0.92178	239	6	0.059488
CTU2	12	0.95506	0.98497	1.0	449	1	0.066105	0.23923	0.42876	0.92178	240	4	0.066105
LOC105375800	12	0.1245	0.40842	1.0	133	6	-0.00039241	0.23966	0.42876	0.92178	241	6	-0.00039241
SPDEF	12	0.087527	0.33858	1.0	110	5	0.089441	0.24286	0.43043	0.92178	242	5	0.089441
MEIKIN	12	0.074081	0.27957	1.0	102	4	-0.075941	0.24801	0.43882	0.92178	243	4	-0.075941
FAM65A	12	0.43638	0.74886	1.0	269	4	0.15103	0.25239	0.43883	0.92178	244	6	0.15103
ZNF177	12	0.18707	0.52655	1.0	163	5	-0.023136	0.25348	0.44053	0.92178	245	4	-0.023136
SRGAP2	12	0.4878	0.79548	1.0	292	4	1.1136e-05	0.25581	0.44053	0.92178	246	5	1.1136e-05
STX4	12	0.13662	0.42748	1.0	137	5	0.077308	0.25682	0.44053	0.92178	247	5	0.077308
SLC35F5	12	0.11111	0.38582	1.0	124	4	0.16159	0.25689	0.44054	0.92178	248	6	0.16159
OR13C2	12	0.65421	0.88508	1.0	355	3	-0.015244	0.2631	0.44657	0.92178	249	4	-0.015244
CSNK1A1	12	0.16329	0.47719	1.0	155	5	0.08297	0.2637	0.44657	0.92178	250	6	0.08297
MSTO1	12	8.9947e-05	0.0013127	0.026405	26	9	-0.48362	0.26382	0.44657	0.92178	251	2	-0.48362
TGIF1	12	0.56847	0.8384	1.0	329	3	0.15196	0.26484	0.44658	0.92178	252	6	0.15196
HAVCR1	12	0.43433	0.74723	1.0	268	3	0.092006	0.26936	0.44767	0.92178	253	4	0.092006
HHEX	12	0.15821	0.4665	1.0	153	6	-0.2137	0.26949	0.44767	0.92178	254	4	-0.2137
AXIN1	12	0.34063	0.65941	1.0	239	5	-0.12076	0.27324	0.4515	0.922431	255	3	-0.12076
SLC25A40	12	0.86879	0.96074	1.0	421	2	0.19899	0.27367	0.45328	0.922431	256	6	0.19899
DCPS	12	0.92519	0.97625	1.0	436	2	0.17578	0.27444	0.45328	0.922431	257	6	0.17578
LRPAP1	12	0.49997	0.79993	1.0	294	3	0.20156	0.27638	0.457	0.922927	258	6	0.20156
ARID3A	12	7.5506e-05	0.00071826	0.015652	24	10	-0.5701	0.27792	0.45882	0.922927	259	1	-0.5701
ZNF157	12	0.44192	0.75238	1.0	270	3	0.16298	0.27796	0.45882	0.922927	260	5	0.16298
GPR4	12	0.22466	0.55741	1.0	177	5	-0.0017675	0.283	0.46327	0.923979	261	6	-0.0017675
CHD2	12	0.9362	0.97995	1.0	442	2	0.085709	0.28552	0.47102	0.923979	262	5	0.085709
PPIC	12	0.90403	0.96997	1.0	431	2	0.12681	0.29088	0.4736	0.923979	263	6	0.12681
EMP3	12	0.24657	0.58002	1.0	190	3	0.10317	0.29323	0.47847	0.923979	264	5	0.10317
WFDC1	12	0.61305	0.8636	1.0	340	2	0.063422	0.29589	0.47848	0.923979	265	5	0.063422
SIX5	12	0.84122	0.95241	1.0	415	1	0.13359	0.29664	0.48218	0.923979	266	6	0.13359
YBX2	12	0.45323	0.75605	1.0	274	3	-0.0089954	0.29938	0.48369	0.923979	267	5	-0.0089954
KIAA0895	12	0.67305	0.888	1.0	360	3	0.15022	0.30216	0.4837	0.923979	268	5	0.15022
CTCF	12	0.31282	0.63064	1.0	224	4	0.14776	0.30224	0.4837	0.923979	269	6	0.14776
FAM134C	12	0.15107	0.44503	1.0	146	6	-0.040105	0.30324	0.4837	0.923979	270	6	-0.040105
DNAJB14	12	0.54239	0.82499	1.0	312	4	0.14809	0.30365	0.4837	0.923979	271	6	0.14809
RFX1	12	0.24074	0.57163	1.0	186	5	-0.085381	0.30478	0.4837	0.923979	272	3	-0.085381
ELOF1	12	0.18526	0.52477	1.0	162	5	0.039447	0.30539	0.4837	0.923979	273	5	0.039447
PAX9	12	0.86135	0.95908	1.0	420	2	0.19187	0.3073	0.48458	0.923979	274	5	0.19187
BCL6	12	0.3207	0.64109	1.0	231	4	0.1297	0.30943	0.4876	0.923979	275	5	0.1297
PPCDC	12	0.099624	0.37033	1.0	116	5	-0.12124	0.31077	0.48761	0.923979	276	2	-0.12124
EPB41	12	0.74974	0.92111	1.0	384	3	0.15007	0.31366	0.50308	0.946444	277	6	0.15007
COPS2	12	0.98684	0.99241	1.0	472	1	0.1117	0.31743	0.50734	0.947641	278	6	0.1117
EXOC2	12	0.0454	0.18568	1.0	86	6	-0.15144	0.32141	0.52003	0.964417	279	2	-0.15144
ABCA1	12	0.15194	0.45891	1.0	147	5	-0.044506	0.32273	0.52004	0.964417	280	3	-0.044506
FLAD1	12	0.19504	0.52988	1.0	167	5	-0.10737	0.32439	0.52185	0.964417	281	5	-0.10737
ZNF394	12	0.24819	0.58002	1.0	193	5	-0.055482	0.32913	0.5331	0.974519	282	3	-0.055482
CHRND	12	0.37307	0.69916	1.0	250	3	0.11953	0.34091	0.54285	0.974519	283	5	0.11953
ARCN1	12	0.14473	0.43517	1.0	144	4	0.05569	0.346	0.54578	0.974519	284	5	0.05569
ZBTB2	12	0.029869	0.12492	0.85966	75	6	-0.31363	0.34735	0.54791	0.974519	285	3	-0.31363
MCM5	12	0.75622	0.92363	1.0	386	3	-0.0011808	0.34989	0.54792	0.974519	286	5	-0.0011808
RBM10	12	0.30534	0.63063	1.0	221	4	0.06636	0.35159	0.54792	0.974519	287	5	0.06636
WDR82	12	0.13869	0.42979	1.0	138	5	0.045881	0.35232	0.55005	0.974519	288	5	0.045881
ITGA2	12	0.41131	0.72902	1.0	260	3	0.050224	0.3528	0.55005	0.974519	289	4	0.050224
LSM12	12	0.050208	0.19815	1.0	91	5	-0.20938	0.3537	0.55006	0.974519	290	4	-0.20938
TBC1D29	12	0.11452	0.39167	1.0	126	6	-0.054303	0.35929	0.55096	0.974519	291	5	-0.054303
NSA2	12	0.20656	0.53627	1.0	170	5	-0.20131	0.36197	0.55216	0.974519	292	3	-0.20131
MDH1	12	0.56358	0.83716	1.0	326	4	-0.024685	0.36266	0.55216	0.974519	293	5	-0.024685
SMARCA5	12	0.0015223	0.011715	0.154392	39	6	-0.22321	0.36646	0.55526	0.974519	294	5	-0.22321
EML2	12	0.076727	0.28115	1.0	104	6	-0.17347	0.36745	0.55527	0.974519	295	4	-0.17347
COPS4	12	0.32178	0.6411	1.0	232	5	-0.071637	0.37115	0.56029	0.980004	296	4	-0.071637
TAF2	9	0.71386	0.88212	1.0	366	2	0.019115	0.37493	0.53444	0.974519	297	3	0.019115
PHB2	6	0.27505	0.49314	1.0	205	3	-0.22298	0.37794	0.50148	0.946444	298	2	-0.22298
PPP1R10	12	0.0052312	0.041693	0.445014	47	6	-0.50496	0.38039	0.56456	0.980004	299	3	-0.50496
SRCAP	12	0.51777	0.81171	1.0	304	3	0.12452	0.38336	0.56587	0.980004	300	4	0.12452
RPP14	12	0.033722	0.13497	0.916728	77	7	-0.46868	0.38938	0.58192	0.997868	301	2	-0.46868
ZMAT5	12	0.52185	0.81745	1.0	306	4	-0.016238	0.38948	0.58192	0.997868	302	5	-0.016238
DNAH17	12	0.30074	0.62939	1.0	218	4	0.087783	0.39301	0.58193	0.997868	303	4	0.087783
HERPUD2	12	0.46508	0.76433	1.0	279	4	-0.026605	0.39443	0.58407	0.998264	304	4	-0.026605
USP32P2	12	0.35216	0.66863	1.0	246	5	-0.047963	0.40585	0.603	1.0	305	5	-0.047963
PHF20	12	0.40875	0.72706	1.0	259	4	0.063229	0.40998	0.60865	1.0	306	5	0.063229
MLXIPL	12	0.76476	0.92722	1.0	388	3	0.093792	0.41343	0.61053	1.0	307	5	0.093792
PRR3	12	0.1423	0.43232	1.0	142	6	-0.14798	0.41345	0.61053	1.0	308	4	-0.14798
MCM3	12	0.31425	0.63323	1.0	225	5	-0.15412	0.4145	0.61053	1.0	309	4	-0.15412
USP39	9	0.96278	0.97308	1.0	454	1	0.17986	0.41515	0.56589	0.980004	310	3	0.17986
OR52B2	12	0.51873	0.81407	1.0	305	3	0.027768	0.41524	0.61054	1.0	311	4	0.027768
ARFRP1	12	0.7918	0.93913	1.0	399	3	0.078223	0.41682	0.61054	1.0	312	5	0.078223
APOE	12	0.39421	0.72221	1.0	256	4	-0.070622	0.41691	0.61054	1.0	313	4	-0.070622
CLEC3B	12	0.72307	0.91257	1.0	372	3	0.04264	0.41754	0.61054	1.0	314	5	0.04264
OST4	12	0.0017953	0.012399	0.154392	42	5	-0.1574	0.42307	0.61553	1.0	315	3	-0.1574
USP17L2	12	0.14627	0.44087	1.0	145	5	0.082051	0.42325	0.61553	1.0	316	5	0.082051
DAGLA	12	0.081801	0.29458	1.0	106	6	-0.15607	0.42439	0.61553	1.0	317	3	-0.15607
ASB16-AS1	12	0.15546	0.46105	1.0	150	5	-0.14788	0.43354	0.63164	1.0	318	5	-0.14788
MID1	12	0.2078	0.53627	1.0	171	5	0.055598	0.43425	0.63259	1.0	319	4	0.055598
PMFBP1	12	0.82518	0.94745	1.0	410	1	0.0073893	0.43638	0.63523	1.0	320	4	0.0073893
TCP10	12	0.57382	0.84115	1.0	330	4	-0.0037091	0.4395	0.64236	1.0	321	5	-0.0037091
CUL7	12	0.99692	0.99776	1.0	496	0	0.046278	0.44009	0.64236	1.0	322	4	0.046278
TOP1	12	0.61042	0.85884	1.0	339	3	-0.058203	0.4456	0.65346	1.0	323	4	-0.058203
ACAT2	12	0.96786	0.98708	1.0	457	1	0.078646	0.45231	0.65739	1.0	324	4	0.078646
SCAF4	12	0.059373	0.22674	1.0	98	4	-0.0026322	0.45647	0.65966	1.0	325	4	-0.0026322
ZNF512B	12	0.046705	0.18847	1.0	88	7	-0.26185	0.45702	0.65966	1.0	326	3	-0.26185
ATF4	12	0.20025	0.53426	1.0	168	4	-0.060894	0.46183	0.6649	1.0	327	3	-0.060894
ZNF860	12	0.72783	0.91388	1.0	374	3	-0.017146	0.46508	0.66491	1.0	328	3	-0.017146
HOXC6	12	0.41555	0.73054	1.0	262	4	-0.11666	0.47013	0.66788	1.0	329	3	-0.11666
TAF10	9	0.068218	0.25743	1.0	101	5	-0.32122	0.47056	0.63596	1.0	330	2	-0.32122
HIST1H2BF	12	0.47884	0.78381	1.0	286	4	0.088537	0.47097	0.66788	1.0	331	5	0.088537
CCHCR1	12	0.11459	0.39168	1.0	127	6	-0.14521	0.47163	0.66789	1.0	332	4	-0.14521
TIGD5	12	0.5042	0.8033	1.0	296	3	0.032523	0.47241	0.66789	1.0	333	4	0.032523
DNAH1	12	0.77212	0.92723	1.0	393	3	0.063981	0.47355	0.66952	1.0	334	5	0.063981
GAPDH	12	0.12026	0.40471	1.0	130	6	-0.19004	0.47483	0.66952	1.0	335	4	-0.19004
PKLR	12	0.48714	0.7937	1.0	291	3	0.0073407	0.47671	0.66953	1.0	336	4	0.0073407
MBOAT7	12	0.89888	0.9671	1.0	429	2	0.064416	0.47766	0.6722	1.0	337	3	0.064416
RFX7	12	0.80299	0.945	1.0	404	2	0.065857	0.47808	0.6722	1.0	338	5	0.065857
OSGIN1	12	0.95137	0.98426	1.0	447	1	0.10998	0.47818	0.6722	1.0	339	4	0.10998
ISX-AS1	12	0.36646	0.69224	1.0	247	4	-0.024917	0.47867	0.67221	1.0	340	3	-0.024917
CCT6B	12	0.18878	0.52821	1.0	164	5	-0.038441	0.47985	0.67221	1.0	341	4	-0.038441
FOSL1	12	0.026452	0.12155	0.85966	68	7	-0.27758	0.48383	0.67398	1.0	342	3	-0.27758
FAM71B	12	0.24766	0.58002	1.0	192	4	0.058072	0.49265	0.67693	1.0	343	4	0.058072
HYOU1	12	0.0010275	0.0089014	0.125823	36	9	-0.54022	0.49351	0.67693	1.0	344	1	-0.54022
KDM3B	12	0.057839	0.22072	1.0	96	6	-0.15594	0.4971	0.67694	1.0	345	5	-0.15594
NRBP1	12	0.5068	0.80331	1.0	298	2	0.17603	0.49938	0.67694	1.0	346	5	0.17603
SALL2	12	0.34682	0.66591	1.0	244	5	0.14839	0.50966	0.68151	1.0	347	5	0.14839
UBR2	12	0.077259	0.28115	1.0	105	6	-0.14893	0.51383	0.68456	1.0	348	4	-0.14893
CYB5D1	12	0.2674	0.59723	1.0	202	5	-0.071841	0.51577	0.68457	1.0	349	3	-0.071841
GMEB1	12	0.59299	0.85222	1.0	335	3	-0.020777	0.52156	0.69085	1.0	350	3	-0.020777
UVRAG	12	0.026891	0.12156	0.85966	69	6	-0.29968	0.52377	0.69086	1.0	351	4	-0.29968
LYL1	12	0.6818	0.89521	1.0	361	3	-0.025128	0.5248	0.69404	1.0	352	4	-0.025128
LOC646471	12	0.34616	0.66591	1.0	243	5	-0.018455	0.52761	0.69836	1.0	353	4	-0.018455
FAM110D	12	0.80488	0.94573	1.0	405	2	0.11554	0.52917	0.69837	1.0	354	4	0.11554
INTS1	12	0.027012	0.12156	0.85966	70	5	-0.26603	0.53199	0.70357	1.0	355	1	-0.26603
SLC4A1AP	12	0.14406	0.43517	1.0	143	5	-0.16524	0.53215	0.70357	1.0	356	4	-0.16524
AP5Z1	12	0.32309	0.6439	1.0	233	4	-0.25581	0.53227	0.70357	1.0	357	3	-0.25581
TM4SF5	12	0.55941	0.83512	1.0	323	3	0.093964	0.53437	0.70358	1.0	358	4	0.093964
FADS2	12	0.76622	0.92722	1.0	390	3	-0.016353	0.53621	0.70595	1.0	359	4	-0.016353
B4GALT2	12	0.027131	0.12156	0.85966	71	5	0.027476	0.53667	0.70595	1.0	360	3	0.027476
LOC102723582	3	0.16684	0.3143	1.0	156	2	-0.3446	0.53691	0.50605	0.947641	361	1	-0.3446
SEC1P	12	0.60828	0.85795	1.0	338	3	-0.067467	0.54004	0.71161	1.0	362	5	-0.067467
TNFRSF8	12	0.088153	0.33859	1.0	111	6	-0.20326	0.54544	0.71732	1.0	363	5	-0.20326
WDR18	12	0.082138	0.29459	1.0	107	5	-0.14965	0.54642	0.71733	1.0	364	3	-0.14965
ZIM2	12	0.80171	0.9442	1.0	403	3	-0.065122	0.54953	0.71839	1.0	365	2	-0.065122
STRAP	12	0.8882	0.96517	1.0	426	2	0.11059	0.55044	0.7184	1.0	366	2	0.11059
RN7SK	6	0.97177	0.9827	1.0	459	0	0.026447	0.55291	0.66071	1.0	367	2	0.026447
TNFRSF4	12	0.56636	0.8384	1.0	328	3	0.059642	0.55674	0.72047	1.0	368	4	0.059642
ITIH1	12	0.51771	0.81171	1.0	303	2	0.11273	0.56778	0.7272	1.0	369	4	0.11273
HIST1H3F	12	0.28251	0.61269	1.0	208	5	-0.13967	0.57256	0.73142	1.0	370	3	-0.13967
RHOB	12	0.24362	0.57415	1.0	188	5	-0.20995	0.57471	0.73365	1.0	371	3	-0.20995
SPPL3	12	0.47629	0.7778	1.0	285	3	0.056572	0.57775	0.73366	1.0	372	2	0.056572
OTX1	12	0.090121	0.34061	1.0	113	5	-0.042723	0.58451	0.73907	1.0	373	3	-0.042723
ZFP36L2	12	0.56515	0.83717	1.0	327	4	-0.0065024	0.59249	0.74336	1.0	374	3	-0.0065024
RABIF	12	1.669e-05	0.00025263	0.005745	23	10	-0.85781	0.60023	0.75095	1.0	375	1	-0.85781
GTF2A2	12	0.16911	0.49058	1.0	157	5	-0.00088373	0.60847	0.75096	1.0	376	3	-0.00088373
UGT1A9	12	0.34503	0.66292	1.0	242	4	-0.019046	0.61252	0.75839	1.0	377	4	-0.019046
GAGE12B	6	0.47056	0.68672	1.0	282	2	0.066277	0.61807	0.69197	1.0	378	2	0.066277
H1F0	12	0.10059	0.37305	1.0	118	5	-0.063649	0.61892	0.76055	1.0	379	3	-0.063649
AGPAT6	12	0.93252	0.9787	1.0	441	2	0.064777	0.6192	0.76056	1.0	380	4	0.064777
SNAI3-AS1	12	0.50938	0.80477	1.0	301	3	-0.018235	0.62055	0.7625	1.0	381	3	-0.018235
CSK	12	0.55049	0.83036	1.0	315	2	0.048483	0.62086	0.7625	1.0	382	1	0.048483
TMEM138	12	0.48551	0.79369	1.0	290	4	-0.098717	0.62698	0.76251	1.0	383	4	-0.098717
NCOA3	12	0.99321	0.99488	1.0	485	0	0.11793	0.62778	0.76561	1.0	384	3	0.11793
POC5	12	0.40232	0.72705	1.0	257	4	-0.13827	0.63021	0.76562	1.0	385	4	-0.13827
DNAJC5G	12	0.33782	0.65778	1.0	236	5	-0.10863	0.6411	0.77404	1.0	386	3	-0.10863
EHD2	12	0.35082	0.66862	1.0	245	5	-0.11834	0.64217	0.77405	1.0	387	2	-0.11834
DMTF1	12	0.2552	0.58245	1.0	196	5	-0.081248	0.64388	0.77405	1.0	388	4	-0.081248
PXK	12	0.11598	0.39168	1.0	129	6	-0.23665	0.64999	0.78073	1.0	389	3	-0.23665
CUL5	12	0.50787	0.80331	1.0	299	4	-0.030882	0.65224	0.78199	1.0	390	4	-0.030882
ZNF131	9	0.92642	0.96173	1.0	437	1	-0.0067593	0.65292	0.75324	1.0	391	3	-0.0067593
RAB20	12	0.54854	0.83035	1.0	314	4	-0.032209	0.65603	0.78644	1.0	392	4	-0.032209
TFE3	12	0.15251	0.45891	1.0	148	6	-0.11302	0.659	0.78645	1.0	393	4	-0.11302
SETDB1	12	0.018901	0.10013	0.799458	62	7	-0.33191	0.6598	0.78645	1.0	394	4	-0.33191
SCX	12	0.74715	0.92004	1.0	383	1	0.083893	0.66101	0.79022	1.0	395	3	0.083893
B3GNT2	12	0.054068	0.2069	1.0	94	7	-0.22963	0.66263	0.79263	1.0	396	3	-0.22963
ZNF830	12	0.26331	0.58854	1.0	200	5	-0.21303	0.66758	0.80097	1.0	397	4	-0.21303
PREB	12	0.053979	0.2058	1.0	93	6	-0.20986	0.67029	0.80296	1.0	398	3	-0.20986
ACTR3	12	0.29842	0.62939	1.0	216	4	0.013675	0.68828	0.82038	1.0	399	3	0.013675
CHP1	12	0.089291	0.3406	1.0	112	6	-0.15884	0.70021	0.83305	1.0	400	4	-0.15884
ARID4B	12	0.03842	0.15529	0.966907	80	7	-0.21724	0.70308	0.83306	1.0	401	3	-0.21724
ZNF236	9	0.85338	0.93608	1.0	417	1	0.069042	0.70385	0.80618	1.0	402	3	0.069042
INSIG2	12	0.011014	0.060437	0.535743	57	7	-0.53545	0.7178	0.84279	1.0	403	4	-0.53545
EXOC1	12	0.2441	0.57415	1.0	189	4	-0.098505	0.71939	0.8428	1.0	404	4	-0.098505
CNOT3	12	0.38191	0.70127	1.0	253	4	0.051858	0.72186	0.84421	1.0	405	4	0.051858
PPIL2	12	0.0036663	0.031796	0.361512	45	8	-0.68432	0.72319	0.84422	1.0	406	2	-0.68432
GNAT2	12	0.050874	0.19815	1.0	92	7	-0.19456	0.72713	0.84802	1.0	407	4	-0.19456
HIST1H2BI	12	0.12177	0.40471	1.0	131	5	-0.15878	0.74005	0.85416	1.0	408	4	-0.15878
MIER3	12	0.3028	0.63063	1.0	219	5	-0.10898	0.74089	0.85416	1.0	409	3	-0.10898
HOXD13	12	0.30344	0.63063	1.0	220	5	-0.087326	0.75102	0.86153	1.0	410	4	-0.087326
CITED2	12	0.10929	0.38581	1.0	123	6	-0.13398	0.75438	0.86406	1.0	411	4	-0.13398
USF2	12	0.04066	0.1553	0.966907	83	7	-0.21547	0.75556	0.8651	1.0	412	2	-0.21547
LOC105371789	6	0.26942	0.4868	1.0	203	3	-0.13158	0.75768	0.80288	1.0	413	2	-0.13158
GAGE1	12	0.98794	0.99271	1.0	473	1	0.015382	0.75814	0.86511	1.0	414	3	0.015382
HIST1H2BK	12	0.76868	0.92723	1.0	391	3	-0.040155	0.76084	0.86643	1.0	415	4	-0.040155
ATP6V1G2	12	0.028553	0.12338	0.85966	74	6	-0.16904	0.77502	0.87157	1.0	416	1	-0.16904
RC3H1	12	0.21419	0.54925	1.0	173	4	-0.081721	0.77604	0.87157	1.0	417	2	-0.081721
EXOC8	12	0.028346	0.12338	0.85966	72	5	-0.24167	0.78118	0.87288	1.0	418	1	-0.24167
TMEM253	12	0.23206	0.56448	1.0	179	5	-0.16823	0.78443	0.87641	1.0	419	2	-0.16823
KAT8	9	0.25994	0.54077	1.0	199	3	-0.17719	0.79384	0.86306	1.0	420	2	-0.17719
USO1	12	7.2365e-11	4.9535e-06	0.000136	10	10	-1.3157	0.79569	0.88968	1.0	421	1	-1.3157
DNLZ	12	0.62367	0.87093	1.0	345	3	0.011235	0.79753	0.88969	1.0	422	3	0.011235
OLR1	12	0.56339	0.83716	1.0	325	3	0.039037	0.79862	0.88969	1.0	423	3	0.039037
ZNF207	9	0.022366	0.088009	0.742395	66	5	-0.33828	0.8002	0.86307	1.0	424	2	-0.33828
TP53	12	0.29725	0.62939	1.0	215	2	0.054152	0.81096	0.89443	1.0	425	3	0.054152
HNF4A	12	0.33825	0.65778	1.0	238	4	-0.12049	0.81217	0.89443	1.0	426	3	-0.12049
P4HA2-AS1	12	0.19073	0.52987	1.0	165	5	-0.11476	0.81259	0.89443	1.0	427	3	-0.11476
CDK5RAP3	12	0.0033399	0.027953	0.339981	43	8	-0.75247	0.81859	0.89528	1.0	428	2	-0.75247
GTF2E2	9	0.095419	0.32358	1.0	114	4	-0.16766	0.81957	0.87912	1.0	429	1	-0.16766
USP24	12	0.21669	0.54926	1.0	174	5	-0.05532	0.82133	0.89528	1.0	430	3	-0.05532
GPBP1L1	12	0.28985	0.62633	1.0	212	5	-0.031012	0.82172	0.89528	1.0	431	3	-0.031012
SETD1A	12	0.9379	0.98038	1.0	445	2	0.078633	0.82268	0.89602	1.0	432	3	0.078633
TFDP1	12	0.10299	0.37306	1.0	119	5	-0.068021	0.82404	0.89602	1.0	433	2	-0.068021
TMEM214	12	0.17778	0.5068	1.0	158	5	-0.095876	0.82669	0.89602	1.0	434	2	-0.095876
MARVELD3	12	0.14064	0.4298	1.0	139	6	-0.20484	0.83154	0.89603	1.0	435	3	-0.20484
FARSA	9	0.12237	0.37503	1.0	132	4	-0.20677	0.83674	0.88381	1.0	436	2	-0.20677
RPS9	9	0.11489	0.3473	1.0	128	5	-0.23724	0.84374	0.88887	1.0	437	1	-0.23724
EWSR1	12	0.2257	0.55988	1.0	178	5	-0.054164	0.84735	0.90731	1.0	438	3	-0.054164
KDM6A	12	0.049839	0.19815	1.0	90	7	-0.29676	0.8559	0.90973	1.0	439	2	-0.29676
MSI2	12	0.047941	0.18947	1.0	89	7	-0.24336	0.86742	0.9211	1.0	440	1	-0.24336
GID4	12	0.37773	0.70126	1.0	251	4	-0.085577	0.87205	0.92717	1.0	441	3	-0.085577
EXOC7	12	0.0091928	0.055583	0.526089	53	8	-0.34109	0.87686	0.9285	1.0	442	2	-0.34109
MYBBP1A	12	0.010188	0.057337	0.526089	56	8	-0.33258	0.88004	0.93117	1.0	443	2	-0.33258
ZNF300	12	0.72347	0.91257	1.0	373	3	-0.097063	0.88429	0.93346	1.0	444	2	-0.097063
UCKL1-AS1	6	0.45569	0.6643	1.0	275	2	0.043193	0.88661	0.8705	1.0	445	1	0.043193
GPS2	12	0.23879	0.56901	1.0	184	5	-0.044246	0.88669	0.93613	1.0	446	3	-0.044246
FARSB	9	0.11444	0.3473	1.0	125	4	-0.028549	0.88846	0.91317	1.0	447	2	-0.028549
ZNF233	12	0.3382	0.65778	1.0	237	5	-0.12049	0.89305	0.94001	1.0	448	2	-0.12049
PIK3C3	12	0.0012613	0.01014	0.139555	38	8	-0.64242	0.89874	0.94403	1.0	449	2	-0.64242
MCCC2	12	0.47315	0.77779	1.0	283	2	-0.067497	0.89973	0.94525	1.0	450	3	-0.067497
LINC01602	3	0.2828	0.41229	1.0	209	1	-0.10345	0.89987	0.87563	1.0	451	0	-0.10345
MED26	12	0.00077158	0.005969	0.089193	35	9	-0.56418	0.91632	0.95272	1.0	452	1	-0.56418
CCDC101	12	0.057402	0.21987	1.0	95	7	-0.25365	0.92271	0.9574	1.0	453	2	-0.25365
PRMT1	12	0.010188	0.057337	0.526089	55	8	-0.50131	0.92526	0.95804	1.0	454	2	-0.50131
GNB2L1	12	0.16154	0.47718	1.0	154	6	-0.30356	0.92526	0.95804	1.0	455	2	-0.30356
EEF1DP3	6	0.55553	0.74205	1.0	321	2	-0.10794	0.92757	0.89879	1.0	456	1	-0.10794
MIR5089	6	0.29172	0.5295	1.0	213	3	-0.11636	0.93295	0.90806	1.0	457	1	-0.11636
RNF113A	12	0.013791	0.072782	0.634413	59	8	-0.48341	0.93924	0.96152	1.0	458	2	-0.48341
TMEM161A	12	0.023636	0.11675	0.85966	67	6	-0.30659	0.94466	0.96284	1.0	459	2	-0.30659
TRAPPC2L	12	0.00018809	0.0023133	0.039027	30	9	-0.43918	0.94834	0.96285	1.0	460	2	-0.43918
FRYL	12	0.3797	0.70127	1.0	252	4	-0.031566	0.9496	0.96285	1.0	461	2	-0.031566
GPN3	9	0.011324	0.059169	0.533545	58	6	-0.60464	0.95007	0.95248	1.0	462	1	-0.60464
GTF2F2	9	0.020559	0.079419	0.680922	64	5	-0.26111	0.95007	0.95248	1.0	463	1	-0.26111
XBP1	12	0.021726	0.10482	0.808785	65	7	-0.28834	0.95172	0.96427	1.0	464	1	-0.28834
HGFAC	12	0.0078758	0.049015	0.492975	51	8	-0.27334	0.95423	0.96565	1.0	465	1	-0.27334
HAPLN4	12	0.14104	0.4298	1.0	140	4	-0.047857	0.95427	0.96565	1.0	466	2	-0.047857
LOC100996351	9	0.12751	0.3847	1.0	135	5	-0.29577	0.95528	0.95626	1.0	467	1	-0.29577
TMEM258	12	0.0064603	0.044279	0.463161	48	8	-0.36216	0.95995	0.96746	1.0	468	1	-0.36216
SUMO2	12	0.039169	0.15529	0.966907	81	7	-0.26894	0.9601	0.96747	1.0	469	2	-0.26894
ICAM3	12	0.25811	0.58246	1.0	197	5	-0.11224	0.96621	0.97245	1.0	470	1	-0.11224
SREBF2	12	1.5174e-13	4.9535e-06	0.000136	8	11	-1.3561	0.97043	0.97568	1.0	471	1	-1.3561
PARP3	12	0.25985	0.58246	1.0	198	5	-0.0020773	0.97151	0.97689	1.0	472	2	-0.0020773
GPN1	6	0.029894	0.098629	0.799458	76	4	-0.66015	0.97337	0.96174	1.0	473	0	-0.66015
TUT1	6	0.017854	0.055969	0.526089	61	4	-0.83312	0.97454	0.96242	1.0	474	0	-0.83312
KMT2A	12	0.059268	0.22674	1.0	97	7	-0.15037	0.9748	0.97957	1.0	475	2	-0.15037
PIAS1	12	0.034632	0.13796	0.925037	78	7	-0.24131	0.97798	0.98305	1.0	476	2	-0.24131
GPN2	6	0.0086528	0.031172	0.361512	52	4	-1.0028	0.98471	0.97511	1.0	477	0	-1.0028
GTF3A	12	9.6023e-06	9.4116e-05	0.002344	20	9	-0.94786	0.98554	0.98592	1.0	478	1	-0.94786
STT3A	9	0.0011841	0.0069299	0.100676	37	7	-0.78931	0.986	0.97725	1.0	479	1	-0.78931
ZBTB11	9	0.061415	0.21746	1.0	99	5	-0.24636	0.98687	0.9781	1.0	480	1	-0.24636
RAB10	12	8.9753e-05	0.0013127	0.026405	25	9	-0.76389	0.98737	0.98651	1.0	481	1	-0.76389
LOC100506990	9	0.097716	0.33042	1.0	115	5	-0.35782	0.98808	0.97988	1.0	482	1	-0.35782
KLF6	12	0.0016966	0.01228	0.154392	41	8	-0.50005	0.98942	0.9876	1.0	483	1	-0.50005
RNASEK-C17orf49	12	0.266	0.59722	1.0	201	4	-0.086658	0.99268	0.98916	1.0	484	1	-0.086658
LAS1L	9	0.039924	0.15137	0.966907	82	5	-0.47576	0.99276	0.98685	1.0	485	0	-0.47576
TEN1	12	0.15378	0.45892	1.0	149	4	-0.18535	0.99329	0.98946	1.0	486	1	-0.18535
AP2M1	12	0.00011993	0.0014811	0.028689	27	9	-0.52849	0.99462	0.9902	1.0	487	1	-0.52849
MESDC2	12	1.3505e-05	0.00015356	0.00365	22	10	-0.87557	0.99626	0.99279	1.0	488	1	-0.87557
MED20	12	0.010176	0.057337	0.526089	54	6	-0.43072	0.99639	0.9928	1.0	489	1	-0.43072
KIAA1683	9	0.028453	0.10516	0.808785	73	6	-0.25211	0.99691	0.99381	1.0	490	0	-0.25211
PGM1	12	0.18188	0.51971	1.0	161	5	-0.075332	0.99769	0.99462	1.0	491	0	-0.075332
INTS12	12	0.0034087	0.031569	0.361512	44	9	-0.31254	0.99781	0.99496	1.0	492	0	-0.31254
HNRNPU	12	0.019167	0.10089	0.799458	63	7	-0.46252	0.99802	0.99568	1.0	493	0	-0.46252
POLR3H	12	0.00029557	0.0029077	0.047523	32	10	-0.79797	0.99811	0.99589	1.0	494	0	-0.79797
VHL	12	0.01609	0.091867	0.762645	60	7	-0.46241	0.99812	0.99589	1.0	495	0	-0.46241
EIF5A	12	0.0075716	0.048846	0.492975	49	8	-0.44058	0.99905	0.99807	1.0	496	0	-0.44058
WDR7	12	1.9286e-10	4.9535e-06	0.000136	12	11	-1.5231	0.99919	0.99839	1.0	497	0	-1.5231
PFDN2	9	0.0075906	0.041545	0.445014	50	6	-0.51247	0.99925	0.99828	1.0	498	0	-0.51247
AP1G1	12	0.15644	0.46106	1.0	151	6	-0.19108	0.99928	0.99853	1.0	499	0	-0.19108
UXT	12	0.00054518	0.0051764	0.079625	34	9	-0.67576	0.99964	0.99908	1.0	500	0	-0.67576
GMPPB	12	0.00014028	0.0019566	0.036547	28	8	-1.0021	0.99969	0.99922	1.0	501	0	-1.0021
EXOC3	9	0.00027214	0.0022737	0.039027	31	7	-0.58402	0.99971	0.99949	1.0	502	0	-0.58402
DPAGT1	12	0.00016208	0.0021052	0.037967	29	9	-0.84229	0.99983	0.99942	1.0	503	0	-0.84229
GTF2H3	12	0.0016081	0.01227	0.154392	40	9	-0.34069	0.99985	0.99945	1.0	504	0	-0.34069
SLC39A7	12	9.6563e-06	9.4116e-05	0.002344	21	11	-0.9064	0.99991	0.99976	1.0	505	0	-0.9064
YKT6	12	2.2589e-08	4.9535e-06	0.000136	18	10	-1.2171	0.99992	0.99977	1.0	506	0	-1.2171
TADA2A	12	0.004375	0.033946	0.377742	46	8	-0.3275	0.99996	0.99987	1.0	507	0	-0.3275
GDI2	12	1.2776e-09	4.9535e-06	0.000136	15	11	-1.0758	0.99998	0.99992	1.0	508	0	-1.0758
NUDC	12	3.3227e-09	4.9535e-06	0.000136	17	11	-1.3059	1.0	1.0	1.0	509	0	-1.3059
FNDC3B	12	3.0394e-08	4.9535e-06	0.000136	19	11	-0.77187	1.0	1.0	1.0	510	0	-0.77187
TMED2	12	2.2721e-09	4.9535e-06	0.000136	16	12	-1.394	1.0	1.0	1.0	511	0	-1.394
TRAPPC1	12	1.1201e-14	4.9535e-06	0.000136	5	12	-1.8323	1.0	1.0	1.0	512	0	-1.8323
ATP11A	12	1.0306e-10	4.9535e-06	0.000136	11	12	-1.4014	1.0	1.0	1.0	513	0	-1.4014
SCARB1	12	5.3044e-10	4.9535e-06	0.000136	14	12	-0.99029	1.0	1.0	1.0	514	0	-0.99029
GET4	12	2.0261e-10	4.9535e-06	0.000136	13	12	-0.92615	1.0	1.0	1.0	515	0	-0.92615
RIC1	12	2.6589e-17	4.9535e-06	0.000136	2	12	-1.4587	1.0	1.0	1.0	516	0	-1.4587
ZNF652	12	7.4266e-13	4.9535e-06	0.000136	9	12	-1.4906	1.0	1.0	1.0	517	0	-1.4906
WRB	12	3.4229e-14	4.9535e-06	0.000136	7	12	-1.4438	1.0	1.0	1.0	518	0	-1.4438
MBTPS1	12	8.8318e-15	4.9535e-06	0.000136	4	12	-1.8722	1.0	1.0	1.0	519	0	-1.8722
MBTPS2	12	2.5099e-14	4.9535e-06	0.000136	6	12	-1.6345	1.0	1.0	1.0	520	0	-1.6345
SCAP	12	1.7819e-16	4.9535e-06	0.000136	3	12	-2.1785	1.0	1.0	1.0	521	0	-2.1785
LDLR	12	2.3486e-19	4.9535e-06	0.000136	1	12	-2.6152	1.0	1.0	1.0	522	0	-2.6152
